,37.08623505,41.95416641,42.03524779999999,42.1879158,41.69013977,41.64624786,41.71945572,40.70762634,40.15084457,40.38044739,38.71494675,34.689472200000004,41.11201859,42.06282044,42.30652618,44.11784363,44.47418213,38.30760574,37.5943718,35.73605728,35.56904984,35.50389099,34.63475037,35.50456238,33.30921936,33.31970596,31.47434616,28.98855019,31.15558815,32.35195541,34.10226059,32.78197098,31.80208206,31.53329086,31.68621635,30.77151108,30.99041939,31.59119415,31.50861359,31.36972427,31.15868759,31.11988831,31.21783066,31.24206924,31.23720741,31.03213501,32.51173782,32.51396561,30.79009438,31.097278600000003,31.59921837,31.68369293,31.509630199999997,31.50772858,33.14076614,35.44919205,33.83834457,33.27518463,33.00789261,32.84066391,32.44923782,33.19225693,33.93032455,34.95626831,35.49610519,40.201931,40.1931839,40.07566071,39.86037827,39.90166855,39.72229004,40.80755615,36.77088547,36.85736084,39.11582565,38.25622559,37.55060196,37.5170517,37.56733704,38.42139816,35.53668213,31.59788513,31.51464844,22.81626701,23.70933533,24.51834869,25.83241081,25.5216198,29.10377502,28.6069355,29.68627548,30.42796135,30.29359818,31.09094811
37.08623505,0.0,6.232414956,6.323847175,6.479255262000001,5.8910197779999995,5.908503347999999,6.018040194,7.521739999999999,7.228619,6.690399,9.938794999999999,19.086555,8.261038448999999,9.701008199,9.850542336,11.18835753,12.84972082,9.520410362,10.55812745,10.40195725,9.989164065,10.01255063,9.79782914,10.00806542,8.968250088,9.062139881,9.509188392,11.49995661,15.26150753,15.20983297,15.39406365,11.17630338,14.18133729,13.66131726,12.76291038,11.58512252,12.70965366,13.08735968,13.68051528,14.18833847,15.11230324,15.35009322,15.66584663,15.75837719,15.85174677,16.41690635,17.12417096,17.12503846,18.621625,18.35095503,20.34833892,19.88145217,19.01842788,19.00997805,18.28182034,18.09380883,17.94190182,19.30584443,19.34429938,20.14856884,20.66141448,20.77313608,20.63103893,21.14903574,20.58701215,16.99964028,16.98622639,16.95704252,17.00892367,17.91440247,17.14257791,17.68841011,16.91327528,15.94084612,18.00215683,16.30085164,16.03197361,16.04909846,15.91130487,16.42412158,18.10376406,21.48259613,13.09536356,21.25331579,19.68511262,19.27640989,18.13424076,17.25389694,15.83866361,16.33090958,15.65887499,14.86994552,15.289441199999999,15.20965665
41.95416641,6.232414956,0.0,0.097413026,0.28756536,0.418,0.541,0.541,3.39,3.096,2.5580000000000003,6.075625,9.804557717,6.845211999999999,7.535736999999999,6.8358740000000004,7.924538,8.116782074,8.966693296,10.4594824,11.56204755,11.33586786,11.397426199999998,11.79796674,11.39341256,12.09037677,12.14321832,13.60210407,16.24606058,17.94984868,17.39442242,16.78824275,13.93106569,16.77291323,16.47671554,15.70115682,15.31730579,16.0048074,15.99804771,16.50349871,16.97441004,17.82429993,18.03889649,18.26381527,18.33231035,18.41375002,18.98037787,19.02268255,19.02259363,21.01502383,20.66188108,22.32851341,21.86298722,21.12314943,21.11605176,19.84780619,18.77277279,19.26167012,20.7654023,20.89761011,21.7213581,22.34315203,22.20225201,21.813469100000002,21.97187486,21.2222042,15.57132167,15.5609489,15.58547067,15.74375423,16.69884798,15.952224900000001,16.03846325,17.05472706,16.05150346,17.14181236,15.75798737,15.8176346,15.85068797,15.68818666,15.80706752,18.74747682,23.40167437,16.04130688,25.79646484,24.25635987,23.66736464,22.31277694,21.74173722,19.26334568,19.85423458,18.88415639,17.93787893,18.33439178,17.93397965
42.03524779999999,6.323847175,0.097413026,0.0,0.192937969,0.418,0.541,0.541,3.39,3.096,2.5580000000000003,6.075625,9.894230919,6.845211999999999,7.535736999999999,6.8358740000000004,7.924538,8.089961962,9.023148161,10.51801174,11.63329989,11.40945419,11.47129916,11.87715402,11.467297,12.17821501,12.23071996,13.69490808,16.34124995,18.02999354,17.4700672,16.85595414,14.01447777,16.85285036,16.55883544,15.78480259,15.40713068,16.09113938,16.08127692,16.58566854,17.05597889,17.90472895,18.11899816,18.342952399999998,18.41118452,18.49246804,19.05881849,19.094372,19.09427292,21.09084769,20.73702499,22.39944184,21.93413102,21.19594296,21.18886282,19.9153676,18.830437300000003,19.32676371,20.83124141,20.96445517,21.78801391,22.41076035,22.26701551,21.87549362,22.02938617,21.27773926,15.601809099999999,15.59149747,15.61685818,15.77666326,16.73153078,15.98608564,16.064792399999998,17.10681148,16.10414627,17.17955227,15.80184786,15.86609619,15.8993353,15.73666681,15.84979275,18.80471443,23.47149679,16.12480619,25.88918425,24.34942615,23.75936157,22.403561,21.83462877,19.34926697,19.94074335,18.96858327,18.0213919,18.417523000000003,18.0144626
42.1879158,6.479255262000001,0.28756536,0.192937969,0.0,0.5075,0.6305,0.6305,3.48,3.1860000000000004,2.648,6.165164,10.08611327,6.934750999999999,7.6252759999999995,6.925413000000001,7.988375,8.09623078,9.176967542,10.67464847,11.80701535,11.58604559,11.648232400000001,12.06011508,11.64424415,12.3689735,12.42124557,13.88782731,16.53357374,18.21386873,17.64894697,17.0249312,14.20162611,17.03652029,16.74472762,15.97214798,15.59907113,16.28077132,16.26823442,16.77160924,17.24132151,18.08890181,18.30282716,18.52575265,18.59369931,18.67481193,19.24085238,19.26842631,19.2683145,21.26988986,20.91527126,22.57248653,22.10745504,21.37134012,21.36428171,20.08407711,18.98537022,19.49216746,20.99762615,21.13219102,21.95548192,22.57948949,22.43190993,22.03659306,22.18401006,21.42947382,15.71391804,15.70371053,15.7304837,15.89282906,16.84724973,16.10382422,16.16977738,17.2535193,16.25174395,17.30361968,15.93586886,16.00732252,16.04084686,15.87792916,15.98200394,18.95902544,23.64311085,16.31201401,26.08209328,24.54236117,23.95214159,22.59593907,22.02755414,19.53855701,20.13049598,19.15660955,18.20859767,18.60437019,18.19869032
41.69013977,5.8910197779999995,0.418,0.418,0.5075,0.0,0.204365966,0.27673121100000003,2.972,2.678,2.6099575109999997,5.657659,9.571548957000001,6.427246,7.117771,6.417908000000001,7.506572,8.338400502,8.902044234,10.38483998,11.42918479,11.19180653,11.25192945,11.62531878,11.24786115,11.86847671,11.92339858,13.34578413,15.96896383,17.7706462,17.23841979,16.67032939,13.73484385,16.59500904,16.28713069,15.50324342,15.081950899999999,15.79127704,15.80241591,16.31363571,16.78773987,17.64360927,17.85990864,18.0898595,18.15971305,18.24195061,18.80992842,18.88568845,18.885648,20.85757453,20.50785641,22.19466959,21.72818046,20.98054728,20.97336597,19.73000357,18.69891624,19.15518773,20.65531169,20.7829275,21.60742309,22.22477937,22.09680679,21.72023547,21.89813588,21.15693863,15.60554914,15.59495475,15.61637835,15.76897685,16.72464407,15.97383876,16.08768838,17.00463541,15.99936791,17.14847157,15.74133754,15.78264154,15.8149356,15.65315643,15.79485438,18.67544381,23.27291156,15.84415441,25.53977639,23.99707055,23.41615942,22.07023077,21.48393933,19.05180389,19.63914024,18.68132484,17.74034379,18.13893282,17.75298473
41.64624786,5.908503347999999,0.541,0.541,0.6305,0.204365966,0.0,0.116759763,2.8480000000000003,2.556,2.4234738769999997,5.534853,9.439180955,6.3044400000000005,6.994965,6.295102,7.3837660000000005,8.170543347,8.706559362,10.191392800000001,11.25091653,11.01726599,11.07789587,11.46178494,11.07384643,11.72949426,11.783211,13.22970822,15.87005753,17.61024216,17.06854435,16.48779161,13.58218557,16.43399588,16.13139333,15.35150095,14.95134797,15.64771785,15.64956043,16.15803025,16.63066353,17.48385783,17.6994133,17.92720055,17.99648238,18.07838782,18.64582074,18.70914047,18.70908396,20.68835557,20.33733982,22.017173899999996,21.55098768,20.8059516,20.79879894,19.54753156,18.50569149,18.96956388,20.47069743,20.59959104,21.42389524,22.04253237,21.91097986,21.53133649,21.70495714,20.96211056,15.40119329,15.39060026,15.412052300000001,15.56474814,16.52040737,15.76970265,15.88344165,16.80712534,15.80215301,16.9449733,15.53958188,15.58294769,15.61534087,15.45346397,15.59269109,18.48185537,23.09381946,15.69204827,25.42414541,23.8834049,23.296476000000002,21.94449804,21.36911256,18.90725196,19.49655425,18.53216792,17.58849186,17.98607202,17.59337196
41.71945572,6.018040194,0.541,0.541,0.6305,0.27673121100000003,0.116759763,0.0,2.8480000000000003,2.556,2.423775085,5.534853,9.486812934,6.303999999999999,6.994965,6.295102,7.3837660000000005,8.06809032,8.688653458,10.17711152,11.25799102,11.02860292,11.08978234,11.48424907,11.08575392,11.77215731,11.82498611,13.2874231,15.93736169,17.63517789,17.08440927,16.48929055,13.61406154,16.45843435,16.16050971,15.38401583,14.99964216,15.68667906,15.68113752,16.18725827,16.65859719,17.50938704,17.72426254,17.950056,18.01880187,18.10039251,18.66728895,18.71775424,18.71767947,20.70475278,20.35242181,22.02460013,21.55877521,20.81667757,20.80955659,19.54899901,18.49133811,18.96688485,20.46934046,20.5999147,21.42394729,22.04421532,21.90793829,21.523889999999998,21.69060006,20.944784100000003,15.35078022,15.34025624,15.36268395,15.51718444,16.47270466,15.72329517,15.828386199999999,16.78448226,15.78018837,16.90341279,15.50560771,15.55512355,15.58777482,15.42564828,15.55724959,18.46686106,23.09934848,15.72424389,25.48163437,23.94210642,23.35153006,21.99573434,21.42718755,18.94530163,19.53607421,18.56662534,17.62080146,18.01752936,17.6190206
40.70762634,7.521739999999999,3.39,3.39,3.48,2.972,2.8480000000000003,2.8480000000000003,0.0,1.5830000000000002,0.8485,4.364,7.629376462000001,3.4560000000000004,4.148,3.446,5.203158999999999,6.888768322000001,6.286144999999999,7.829204659,8.978827304,8.775372008,8.839949866,9.313680945,8.836069792,9.819693800000001,9.860551747999999,11.5452851,14.34523977,15.469413500000002,14.85019279,14.178692800000002,11.52445572,14.29057924,14.03545013,13.29475202,13.10243334,13.66718217,13.58143475,14.06319553,14.52131279,15.34894026,15.557610999999998,15.76650963,15.83085068,15.90982502,16.47175293,16.43863515,16.43846471,18.47056426,18.1098988,19.73777885,19.27393603,18.54771694,18.54077663,17.23704448,16.14289157,16.64080189,18.14709249,18.28340092,19.106262100000002,19.73235655,19.58019813,19.18517135,19.34207925,18.59491625,13.11591204,13.10488472,13.12014387,13.26195359,14.21759655,13.46031377,13.63044899,14.43655739,13.43168618,14.61180784,13.18207704,13.21484968,13.24698041,13.08536452,13.23896176,16.11796059,20.803206699999997,13.63068413,23.68499347,22.16780156,21.52256892,20.11478619,19.64966502,16.90590361,17.51196451,16.48926078,15.52352743,15.91091797,15.45941522
40.15084457,7.228619,3.096,3.096,3.1860000000000004,2.678,2.556,2.556,1.5830000000000002,0.0,0.7515,4.268,7.381055535,5.04,5.728745,5.028882,6.785831,8.123193276,6.975274128,8.409334924,9.292880345,9.034934637000001,9.092471127,9.429125053,9.088316536,9.665979392,9.719322348,11.19919688,13.88806504,15.56738156,15.057939600000001,14.55635029,11.52482421,14.39282027,14.07872622,13.29294998,12.89408491,13.58370357,13.59242323,14.10513031,14.58046891,15.43941639,15.65677252,15.89036543,15.96131744,16.04421427,16.61325326,16.73278049,16.73282278,18.674016899999998,18.32866786,20.04537125,19.57744487,18.81741381,18.81010593,17.61308135,16.6951285,17.06400589,18.55435502,18.67176615,19.49722796,20.10480497,20.00520861,19.65873497,19.88968339,19.17485742,14.03639705,14.02480672,14.03125646,14.15606773,15.10883719,14.34294935,14.58911782,15.08078314,14.07170916,15.44456914,13.94668748,13.9169233,13.94627245,13.78783043,14.01790909,16.67713536,21.13215129,13.63393798,23.39077641,21.85478125,21.25503701,19.89286313,19.33833075,16.8434867,17.43243666,16.47098554,15.53005378,15.92890721,15.54859203
40.38044739,6.690399,2.5580000000000003,2.5580000000000003,2.648,2.6099575109999997,2.4234738769999997,2.423775085,0.8485,0.7515,0.0,3.5180000000000002,7.314489125,4.303999999999999,4.996,4.296,6.051639,7.280902219,6.188461,7.786012916000001,8.836580637,8.613755162,8.676057986,9.105653517,8.672076198,9.533695756,9.577997774,11.21273572,13.98954877,15.26283697,14.67864179,14.06566591,11.28448119,14.08447573,13.81088419,13.05598355,12.80570674,13.40502481,13.34673468,13.83824379,14.30199298,15.13993403,15.35146898,15.56831366,15.63480409,15.71508343,16.2796415,16.29749783,16.29740117,18.29974348,17.94399868,19.60296245,19.13749839,18.39926303,18.39219347,17.12539482,16.09752873,16.54611829,18.04729162,18.17674893,19.00092669,19.6205659,19.48757671,19.1106287,19.29634061,18.56181178,13.23502625,13.22370046,13.23439837,13.36757272,14.322197899999999,13.56023282,13.77006908,14.42785797,13.42054024,14.68779376,13.22536491,13.23018368,13.26111977,13.10077933,13.28887382,16.07535234,20.6763038,13.39371707,23.37108156,21.84880641,21.21482174,19.81837942,19.33030263,16.65196152,17.25344032,16.24794612,15.28897279,15.68005258,15.25007877
38.71494675,9.938794999999999,6.075625,6.075625,6.165164,5.657659,5.534853,5.534853,4.364,4.268,3.5180000000000002,0.0,9.670889,4.48,5.756,6.456,6.6330866660000005,7.68661953,3.464,5.547683999999999,6.151244457000001,5.500162,5.976502796,6.412527817999999,5.972481243,6.99096105,7.0239414920000005,8.859295312,11.75664824,12.56938257,11.97587138,11.40392806,8.628105068,11.39062137,11.13325753,10.39707032,10.2882478,10.78921027,10.6818451,11.16104748,11.61888157,12.44814478,12.65773632,12.87016846,12.93571346,13.01547208,13.57912063,13.6068576,13.60681204,15.59692343,15.24194593,16.91582501,16.44927925,15.70357682,15.69644022,14.46230242,13.55259809,13.90652331,15.39873787,15.519004500000001,16.3442453,16.95562408,16.84801314,16.50080184,16.74351949,16.03961872,11.2987259,11.28611907,11.27476823,11.36554839,12.30390492,11.52960871,11.92813154,11.9848269,10.97601254,12.54144851,10.96403453,10.86991122,10.89663568,10.74180376,11.05201171,13.53686451,17.99538029,10.73204291,20.90032876,19.39993654,18.72298482,17.28897967,16.88636449,14.01753114,14.62767243,13.59213083,12.62355758,13.00976721,12.55853464
34.689472200000004,6.799656869,9.804557717,9.894230919,10.08611327,9.571548957000001,9.439180955,9.486812934,7.629376462000001,7.381055535,7.314489125,9.670889,0.0,7.714881562,8.895587814,9.181789842,11.33174838,11.96603344,6.207694999999999,6.330699,4.172,4.172,4.172,2.79,4.172,4.22,4.22,8.72,6.8657508620000005,8.576989551,8.420451922,8.654261189,5.287999999999999,7.453972856,6.998139227,6.7863880000000005,7.526304,6.28021354,6.452858846,7.020550233,7.522561895,8.433651719,8.666855252000001,8.958700627999999,9.045547586,9.136699527000001,9.708326587,10.32499418,10.32584478,11.89009223,11.60041012,13.5615755,13.0933118,12.23974427,12.23141941,11.49041691,11.49265375,11.18159204,12.51879971,12.550162599999998,13.35162735,13.86175839,13.98302367,13.86936292,14.45203278,13.94801775,11.7294155,11.71489273,11.644848300000001,11.60607311,12.39131373,11.66817009,12.53283016,10.58691247,9.6877951,12.21475888,10.42858093,9.965644918999999,9.971465102,9.860039359,10.59245334,11.51452267,14.69382294,6.476611253,16.0571985,14.53842685,13.90093026,12.5168501,12.02033211,9.536744405,10.10478772,9.225795098999999,8.339037936,8.752583437,8.536460537
41.11201859,8.261038448999999,6.845211999999999,6.845211999999999,6.934750999999999,6.427246,6.3044400000000005,6.303999999999999,3.4560000000000004,5.04,4.303999999999999,4.48,7.714881562,0.0,1.276,1.976,3.758,4.668,4.0280000000000005,6.083471534,7.739740543,7.667269792999999,7.74301939,8.48507199,7.739984605,9.54592734,9.557384907000001,11.61197683,14.57323374,14.46146021,13.62748606,12.62554043,10.83659949,13.29993225,13.17566008,12.55135667,12.81185434,13.08855179,12.80251525,13.20553713,13.61587165,14.35915268,14.54536801,14.69868286,14.74805731,14.81739327,15.35437544,15.01174026,15.01114777,17.1963272,16.80962747,18.24192166,17.79105369,17.13997666,17.13385156,15.63733959,14.223456699999998,14.95789455,16.47618172,16.64712416,17.45611218,18.11128375,17.86093018,17.37901615,17.39981727,16.60116759,10.61531146,10.60512397,10.63249492,10.79745795,11.75114549,11.01105606,11.07737759,12.37112795,11.38804612,12.22885287,10.92207265,11.06265414,11.09926466,10.93429225,10.95427244,14.18608474,19.25550765,12.8669052,23.40359909,21.94339729,21.20435604,19.71338936,19.45186731,16.20904539,16.8411175,15.70608686,14.70696037,15.06212824,14.47005415
42.06282044,9.701008199,7.535736999999999,7.535736999999999,7.6252759999999995,7.117771,6.994965,6.994965,4.148,5.728745,4.996,5.756,8.895587814,1.276,0.0,0.7,2.4819999999999998,3.4819999999999998,5.303529,6.058216000000001,8.352582331,8.356472711,8.435491374,9.290209609,8.433025211,10.56341708,10.56333816,12.71974188,15.70662944,15.06356564,14.11826449,12.92062537,11.65365896,13.9259657,13.871853400000001,13.31408383,13.77192058,13.92141596,13.54433608,13.90241485,14.28278612,14.97228571,15.14417036,15.26513372,15.30559122,15.36873662,15.88577432,15.35935626,15.35849773,17.61804908,17.21887339,18.51442466,18.07570117,17.478970999999998,17.47342116,15.86222727,14.22141434,15.13076247,16.64240388,16.83655016,17.628684399999997,18.29921792,17.98017356,17.43666902,17.34850482,16.51284287,10.03468479,10.02594112,10.07144596,10.26819667,11.20668951,10.50040795,10.40442335,12.26607507,11.31862548,11.7897144,10.64519949,10.89573668,10.93614472,10.77077387,10.64944377,14.17413631,19.48580816,13.61526599,24.29433189,22.86434257,22.0888448,20.569352399999996,20.39596715,16.95309117,17.5923584,16.41222561,15.40652248,15.74151732,15.08212387
42.30652618,9.850542336,6.8358740000000004,6.8358740000000004,6.925413000000001,6.417908000000001,6.295102,6.295102,3.446,5.028882,4.296,6.456,9.181789842,1.976,0.7,0.0,2.22216068,4.184,6.003392,6.7580789999999995,8.650114433999999,8.656081544,8.735147878,9.591204914,8.732694416000001,10.86112568,10.86148965,13.01314202,15.99868343,15.35871933,14.40801405,13.19724378,11.95462629,14.22231362,14.17056187,13.61434757,14.071837,14.22240777,13.84419096,14.20113854,14.58054227,15.26792308,15.43916565,15.55861498,15.59862689,15.66144866,16.17733604,15.63903608,15.63815739,17.90247317,17.502526,18.78688466,18.34934792,17.75729119,17.75178855,16.13133766,14.46764618,15.39527556,16.90556902,17.10191226,17.89208902,18.56389613,18.23798296,17.68798625,17.58691472,16.74699027,10.19765388,10.18920536,10.23808616,10.44041278,11.37449471,10.67561771,10.54815128,12.50129067,11.55934161,11.9755746,10.85867335,11.12441652,11.1652813,11.000079199999998,10.85870647,14.41923104,19.75416488,13.91524467,24.59536555,23.16518646,22.38988548,20.87036736,20.69647747,17.25272215,17.89210807,16.71093493,15.70514454,16.03948716,15.37769754
44.11784363,11.18835753,7.924538,7.924538,7.988375,7.506572,7.3837660000000005,7.3837660000000005,5.203158999999999,6.785831,6.051639,8.238037,11.33174838,3.758,2.4819999999999998,2.22216068,0.0,5.9639999999999995,7.785634,8.859696755,10.84495233,10.86515145,10.94453402,11.81161985,10.94217319,13.06970593,13.07223732,15.19830263,18.17497118,17.53322153,16.54532692,15.24789219,14.17458836,16.40585853,16.37141377,15.82752413,16.29052475,16.44264906,16.05398276,16.40209838,16.77419121,17.44593275,17.61249868,17.72112162,17.75796212,17.81846466,18.32593804,17.70611083,17.70509597,19.999796300000003,19.59483041,20.80010058,20.37134782,19.81234677,19.80717708,18.12573021,16.31276492,17.36011157,18.85800005,19.06894935,19.84426485,20.52366768,20.15109461,19.55781987,19.36882039,18.50253358,11.53086602,11.5244754,11.59463927,11.83039227,12.72318399,12.08193615,11.74920571,14.28273932,13.38207186,13.43689108,12.51110658,12.87251138,12.91600825,12.75314494,12.48398319,16.25694934,21.73762878,16.12602802,26.81726497,25.3872258,24.61168826,23.09089928,22.91749859,19.46028616,20.10057962,18.91128759,17.9050129,18.23434539,17.55520388
44.47418213,12.84972082,11.018147,11.018147,11.107686,8.338400502,10.477375,10.477375,7.628483,9.211155,8.476963,8.668851,11.96603344,4.668,3.4819999999999998,4.184,5.9639999999999995,0.0,8.216448,8.553743687999999,10.71476984,10.82729838,10.9074686,11.88763686,10.90590662,13.41605087,13.40097478,15.66297794,18.66170482,17.20524776,16.08796279,14.57392169,14.20709775,16.13053422,16.19271047,15.75155547,16.5001649,16.45737162,15.9445563,16.22379365,16.54790875,17.13442777,17.27870476,17.34180074,17.36604377,17.41722317,17.88959477,17.04211108,17.04077934,19.39294324,18.97769539,19.99088778,19.58349175,19.10157133,19.09721288,17.30079201,15.25553112,16.48692178,17.94807913,18.18363544,18.92569748,19.613576600000002,19.16324273,18.50595632,18.19308772,17.2995551,9.986419742999999,9.981921434,10.06894759,10.32926614,11.16929804,10.590437099999999,10.09440263,13.16353254,12.33535717,11.97212261,11.26269282,11.73392532,11.77998802,11.62337545,11.20514408,15.18954185,20.86317926,16.02452079,26.82903509,25.45684149,24.62596292,23.06991296,23.04072517,19.30409405,19.94747335,18.7073621,17.70591855,18.00198701,17.24040936
38.30760574,9.520410362,8.966693296,9.023148161,9.176967542,8.902044234,8.706559362,8.688653458,6.286144999999999,6.975274128,6.188461,3.464,6.207694999999999,4.0280000000000005,5.303529,6.003392,7.527143692,7.458163819,0.0,2.9539999999999997,3.320853107,3.380234319,3.46048986,4.431363468,3.458651998,6.096006084,6.064464387,8.41453414,11.38618832,10.01569723,9.090267657,8.04244811,6.752514952,8.880939816,8.849312317999999,8.337877807,9.059271447999999,9.01012794,8.550467222,8.880105053,9.247324902999999,9.925078138,10.09620483,10.21872004,10.26036352,10.32454152,10.84620031,10.42733046,10.4267135,12.62994319,12.23880316,13.65821572,13.20636341,12.55546452,12.54938731,11.06542004,9.808753399,10.40748024,11.92449375,12.08537353,12.89945456,13.54752578,13.32927997,12.88924049,13.00712128,12.25614029,7.480722192000001,7.467397135,7.441138246,7.504137083,8.42530037,7.650525301,8.170811744,8.113582944,7.105688766,8.610673723,7.019397483,6.945058121000001,6.973609297,6.8162279770000005,7.108027317,9.782065447,14.67820324,8.625767935,19.39384422,18.00616141,17.18832121,15.64304848,15.58294323,11.94717771,12.58909629,11.38775665,10.38132748,10.70768677,10.0347952
37.5943718,10.55812745,10.4594824,10.51801174,10.67464847,10.38483998,10.191392800000001,10.17711152,7.829204659,8.409334924,7.786012916000001,5.547683999999999,6.330699,6.083471534,6.437882903999999,6.7249978829999995,8.859696755,8.553743687999999,2.9539999999999997,0.0,2.16,2.16,2.16,3.54,2.16,4.971915,4.971915,7.927254461,10.80613254,8.696108469,7.687488991,6.543804601000001,5.781490562999999,7.593956434,7.638998293999999,7.222916129,8.233396657,7.977289278,7.40234774,7.67008349,7.998425736000001,8.616071247999999,8.77315565,8.867841189,8.902218258,8.961309943,9.466282287,8.94878277,8.948067258,11.18315615,10.78630025,12.160036,11.710749900000001,11.07523978,11.06935288,9.55610618,8.314341105,8.892531258,10.409830699999999,10.572545300000002,11.38562467,12.03536352,11.81362404,11.376803,11.513618,10.77614236,6.575176128,6.561022694,6.510828319,6.522931046,7.394586939,6.631658747,7.337415432999999,6.679317113,6.287657,7.444161135,5.943497,4.976497,4.991889,4.841516,5.875351855,8.290609894,13.17238032,7.4845321,18.30138163,16.95933005,16.1036044,14.537312599999998,14.58923213,10.75037464,11.39374507,10.15641913,9.153650776000001,9.455575243,8.723983914
35.73605728,10.40195725,11.56204755,11.63329989,11.80701535,11.42918479,11.25091653,11.25799102,8.978827304,9.292880345,8.836580637,6.151244457000001,4.172,7.739740543,8.352582331,8.650114433999999,10.84495233,10.71476984,3.320853107,2.16,0.0,0.46900675,0.49233103799999994,1.381,0.495556647,3.623809066,3.547724863,5.879103616,8.666498981,6.729489186,5.915783775,6.356376,3.88,5.578961025,6.127682,5.3770489999999995,6.012348455,5.758998322,5.6524730000000005,5.559255285,5.930582952999999,6.631975529,6.812242816,6.959082852000001,7.008365132000001,7.078037253,7.617839051,7.461518002999999,7.461394253,9.521276615,9.150071151,10.76661183,10.30094067,9.56897706,9.562055256,8.32444648,7.713364862000001,7.809826622,9.280622086000001,9.386783138,10.21237166,10.81351565,10.74161048,10.45402555,10.83051155,10.21720113,7.780596699,7.766003894,7.682066098,7.6115672089999995,8.34853658,7.649233872999999,8.609049161,6.558037112999999,5.623241898,8.121956019,6.3332146289999995,5.864904661000001,5.871588805,5.758266197,6.501492572999999,7.717795659,11.84413591,5.6524730000000005,16.11458743,14.75343813,13.91229241,12.35521527,12.36742145,8.627947231,9.270291727,8.067212236,7.060802459,7.390055366,6.742465016000001
35.56904984,9.989164065,11.33586786,11.40945419,11.58604559,11.19180653,11.01726599,11.02860292,8.775372008,9.034934637000001,8.613755162,5.915256265,4.172,7.667269792999999,8.356472711,8.656081544,10.86515145,10.82729838,3.380234319,2.16,0.46900675,0.0,0.080267867,1.381,0.078608651,2.812,2.812,7.311497,8.346469131000001,6.80133684,6.077253595,5.582801906,3.88,5.63472315,6.127682,5.3770489999999995,5.774865211,5.6315226460000005,5.6524730000000005,5.553081929,5.951433184,6.695668013,6.886327809,7.056506224,7.111996922,7.185737886,7.736452167,7.69792109,7.697954149,9.696129889,9.334543226000001,11.01048242,10.54251097,9.788775927,9.781606488,8.615489468,8.109159006,8.133000915,9.587524158999999,9.682052074,10.50682359,11.09585919,11.05373954,10.79318297,11.20437489,10.60873408,8.235884824,8.221289941,8.138964472,8.072128266,8.814379896,8.112505407999999,9.061912302,7.003192185,6.076694788999999,8.590958687,6.802185672,6.330283799,6.336498337999999,6.224323169,6.970488255,8.116891945,12.09992549,5.6524730000000005,16.01366823,14.63003342,13.8082522,12.26321559,12.21843066,8.596640705,9.236159602,8.061639436,7.05756998,7.402991612,6.8067029539999995
35.50389099,10.01255063,11.397426199999998,11.47129916,11.648232400000001,11.25192945,11.07789587,11.08978234,8.839949866,9.092471127,8.676057986,5.976502796,4.172,7.74301939,8.435491374,8.735147878,10.94453402,10.9074686,3.46048986,2.16,0.49233103799999994,0.080267867,0.0,1.381,0.004509384,2.812,2.812,7.311497,8.276777854,6.727535691,6.0112597,5.537381852999999,3.88,5.560095336,6.127682,5.3770489999999995,5.697821147000001,5.551273672000001,5.6524730000000005,5.475204868,5.874744137,6.621340627,6.812665556000001,6.984519942,7.040487631,7.114542073,7.666067633,7.64042494,7.640479432999999,9.630841737999999,9.270348429,10.95350621,10.48526695,9.728728967,9.721528906,8.566131321,8.082994299,8.089585972,9.54078531,9.633239808999999,10.45775833,11.04469435,11.00776788,10.75258684,11.171764,10.58096121,8.271070448,8.256476515,8.173113253,8.10360205,8.840484871000001,8.141564549,9.098558686,6.995977482000001,6.074467896,8.608033922999999,6.8187395429999995,6.338328897999999,6.343941421,6.233322468,6.988482817,8.091711002,12.0445487,5.6524730000000005,15.93340548,14.54982068,13.72798614,12.1829976,12.13849909,8.517599804,9.157009051000001,7.983525986,6.979632631,7.325731168,6.732392733999999
34.63475037,9.79782914,11.79796674,11.87715402,12.06011508,11.62531878,11.46178494,11.48424907,9.313680945,9.429125053,9.105653517,6.412527817999999,2.79,8.48507199,9.290209609,9.591204914,11.81161985,11.88763686,4.431363468,3.54,1.381,1.381,1.381,0.0,1.381,2.110742192,2.029747813,5.932,7.173533086,6.157420536,5.660608482000001,5.596476168,2.5,5.208448000000001,4.748,3.9960000000000004,4.736000000000001,5.468,4.272,4.748,5.208448000000001,6.035631491,6.245953682000001,6.465848556,6.534702228,6.616677497,7.184716611,7.449861152,7.450336782000001,9.25927629,8.925745646000001,10.74802163,10.27714573,9.469323371,9.461544248,8.517096561,8.395662908,8.145204578,9.529110018999999,9.58536028,10.40019227,10.94680909,11.00001159,10.83388235,11.37255492,10.85417785,9.223288655,9.208735591,9.117932869,9.028368062,9.719982918,9.047275852,10.05967345,7.555937898,6.69918296,9.408781982,7.623486295,7.066181239,7.0658193670000005,6.971380367,7.805224927,8.417701487999999,11.86445692,4.272,15.01031369,13.59864955,12.80399652,11.27928505,11.15906613,7.726632165,8.356900986,7.243174944,6.254388475,6.627223202000001,6.146008285
35.50456238,10.00806542,11.39341256,11.467297,11.64424415,11.24786115,11.07384643,11.08575392,8.836069792,9.088316536,8.672076198,5.972481243,4.172,7.739984605,8.433025211,8.732694416000001,10.94217319,10.90590662,3.458651998,2.16,0.495556647,0.078608651,0.004509384,1.381,0.0,2.812,2.812,7.311497,8.276245923,6.730801102999999,6.015084684,5.541808056,3.88,5.5632766160000005,6.127682,5.3770489999999995,5.698348018,5.55295292,5.6524730000000005,5.4779333,5.877666711,6.62455251,6.815944523,6.98794926,7.043955582000001,7.118034507999999,7.669620139,7.644592857999999,7.644648011,9.634699387000001,9.274259255,10.95768797,10.48944084,9.732810228,9.725609065,8.570494354,8.08749077,8.094034697,9.545190859,9.63761204,10.46212583,11.04902153,11.01218399,10.75706162,11.17627306,10.58546419,8.274009178,8.259415175,8.176100386,8.106710149,8.843819675,8.144776966,9.101428677000001,7.000259837000001,6.078652621,8.611699211,6.822419161,6.342265352999999,6.347894336,6.2372321379999995,6.992114342000001,8.096202681,12.04877562,5.6524730000000005,15.93522161,14.55143467,13.7297834,12.184912599999999,12.13988057,8.520067924,9.159446405,7.986206845,6.982348166,7.3285644770000005,6.735606286
33.30921936,8.968250088,12.09037677,12.17821501,12.3689735,11.86847671,11.72949426,11.77215731,9.819693800000001,9.665979392,9.533695756,6.99096105,4.22,9.54592734,10.56341708,10.86112568,13.06970593,13.41605087,6.096006084,5.601242194,3.623809066,2.812,2.812,2.110742192,2.812,0.0,0.10984807199999999,4.5,6.576264999999999,6.300213079,6.297033355,6.888610454,2.218,4.926171,4.4639999999999995,3.714,4.452,5.184,3.99,4.4639999999999995,4.926171,6.1528410120000006,6.389346325,6.699156121000001,6.790888552,6.884040242999999,7.45041638,8.255261349,8.256437001,9.653379199999998,9.385183097999999,11.41089546,10.94773436,10.07078716,10.06219556,9.512714413,9.909096746,9.314635889,10.55287772,10.54947632,11.32708441,11.79326101,11.99444545,11.97158245,12.67738752,12.26849074,11.31849157,11.30397071,11.21027163,11.11184264,11.77707269,11.12104848,12.15747541,9.364408917999999,8.582726656,11.412574099999999,9.640075052,9.030601003,9.025558896,8.944673268999999,9.828957096,9.947256179,12.54733201,3.99,13.91632989,12.4280228,11.73390258,10.30028687,9.922761673,7.202924744,7.777742562999999,6.8869263279999995,6.006805077999999,6.422036,6.2524253
33.31970596,9.062139881,12.14321832,12.23071996,12.42124557,11.92339858,11.783211,11.82498611,9.860551747999999,9.719322348,9.577997774,7.0239414920000005,4.22,9.557384907000001,10.56333816,10.86148965,13.07223732,13.40097478,6.064464387,5.5450271110000005,3.547724863,2.812,2.812,2.029747813,2.812,0.10984807199999999,0.0,4.5,6.576264999999999,6.210511952,6.194980188,6.778964952000001,2.218,4.926171,4.4639999999999995,3.714,4.452,5.184,3.99,4.4639999999999995,4.926171,6.063667299,6.299775375,6.6073923379999995,6.698597547,6.791557578,7.3586789370000005,8.151557822000001,8.152721597000001,9.559921181,9.289799371,11.31152054,10.84800915,9.972267122,9.963690404,9.406457825,9.799298809,9.20624325,10.4464979,10.44398869,11.22240899,11.69015721,11.88882012,11.86397554,12.56824817,12.15876361,11.22891041,11.21439807,11.12008624,11.02006437,11.68181823,11.02784594,12.06844736,9.257837339,8.478339932999999,11.31303719,9.541689441,8.929302609,8.924035517,8.84384235,9.731050929,9.837496554,12.44787588,3.99,13.89033452,12.40610893,11.70527587,10.26516932,9.903475809,7.140283472999999,7.718603305,6.816336382,5.930069713,6.34451112,6.163762245
31.47434616,9.509188392,13.60210407,13.69490808,13.88782731,13.34578413,13.22970822,13.2874231,11.5452851,11.19919688,11.21273572,8.859295312,8.72,11.61197683,12.71974188,13.01314202,15.19830263,15.66297794,8.41453414,7.927254461,5.879103616,5.511468299,5.448329416,5.932,5.447141462,4.5,4.5,0.0,3.0580000000000003,6.337853214,6.855827067000001,8.052343698,4.1,5.517455136000001,4.2686980000000005,3.5180000000000002,2.1393575719999998,3.504201347,3.7939999999999996,4.2686980000000005,4.730158,6.1822867420000005,6.4161585,6.786247197000001,6.892355749,6.987339919,7.494841953,8.814656787,8.816499108,9.679393764,9.498214143,11.65224082,11.21618801,10.30280306,10.29374469,10.20450206,11.16315144,10.206161300000002,11.22971446,11.16007703,11.86615278,12.22562292,12.58693609,12.72793824,13.60859374,13.33948475,13.39912686,13.38478623,13.28193986,13.15782558,13.75457946,13.14175395,14.24378593,10.98960902,10.32393836,13.28947084,11.55912418,10.87527861,10.86336978,10.80416397,11.75827626,11.21881817,12.77119894,3.7939999999999996,12.19443929,10.65564677,10.07587897,8.777156001,8.13984107,6.379309394,6.839093062000001,6.29106962,5.648037367000001,6.055269794,6.256636762
28.98855019,11.49995661,16.24606058,16.34124995,16.53357374,15.96896383,15.87005753,15.93736169,14.34523977,13.88806504,13.98954877,11.75664824,6.8657508620000005,14.57323374,15.70662944,15.99868343,18.17497118,18.66170482,11.38618832,10.80613254,8.666498981,8.346469131000001,8.276777854,7.173533086,8.276245923,6.576264999999999,6.576264999999999,3.0580000000000003,0.0,6.8566751870000004,7.891057187,9.612287396000001,6.909914,6.504023587000001,5.779422293,6.3271440000000005,4.244,5.676,6.602567999999999,5.769807182,6.075282819,6.720284355,6.9077753,7.287854827,7.39451115,7.47708196,7.839664684,9.630576834,9.633035277000001,9.766576541000001,9.710799873,11.87333974,11.49742765,10.60005104,10.59107434,11.06860409,12.63582147,11.30587412,12.01273403,11.86672866,12.44598598,12.6545355,13.19679947,13.5332216,14.59335909,14.50543925,15.83036858,15.81645867,15.70217763,15.54442638,16.0401549,15.49437405,16.67314827,12.90310812,12.39555074,15.45110048,13.80929823,13.05168203,13.03188916,13.00024933,14.01695679,12.70955392,12.91090085,6.602567999999999,9.756811566,8.189014074,7.7908692120000005,6.762798322,5.760138375,5.743142269,5.948599962,5.999192042000001,5.816640502,6.122077759,6.750199037000001
31.15558815,15.26150753,17.94984868,18.02999354,18.21386873,17.7706462,17.61024216,17.63517789,15.469413500000002,15.56738156,15.26283697,12.56938257,8.576989551,14.46146021,15.06356564,15.35871933,17.53322153,17.20524776,10.01569723,8.696108469,6.729489186,6.80133684,6.727535691,6.157420536,6.730801102999999,6.300213079,6.210511952,6.337853214,6.8566751870000004,0.0,1.63,3.48,4.058,1.178837849,1.382,2.29,4.216,4.324,1.857,1.382,0.9209999999999999,0.155738228,0.09012956800000001,0.45226510600000003,0.5415,0.653560746,1.026,3.972,3.972,2.9739999999999998,2.9739999999999998,5.314422351,4.880638049,3.54,3.54,5.188,6.144686185,6.644,5.156615783,5.018603271,5.638997979,5.92909609,6.383102837000001,6.67809018,7.746087287000001,7.715228896,10.92769357,10.91629354,10.77827835,10.53737062,10.72295099,10.39711349,11.69595578,7.059574823999999,6.947143018999999,9.887397537,8.611445626,7.761971012,7.72548988,7.76614204,8.817406022,6.2348070170000005,6.43459807,1.857,10.06331764,8.952149676,7.973055697,6.3970152339999995,7.010309072999999,2.5980000000000003,3.088,1.504,1.06,1.179,0.12425
32.35195541,15.20983297,17.39442242,17.4700672,17.64894697,17.23841979,17.06854435,17.08440927,14.85019279,15.057939600000001,14.67864179,11.97587138,8.420451922,13.62748606,14.11826449,14.40801405,16.54532692,16.08796279,9.090267657,7.687488991,5.915783775,6.077253595,6.0112597,5.660608482000001,6.015084684,6.297033355,6.194980188,6.855827067000001,7.891057187,1.63,0.0,1.85,4.992,1.855,2.316,3.2260000000000004,5.0783253010000005,5.812,2.792,2.316,1.855,1.557,1.659,1.983,2.1719999999999997,2.1719999999999997,2.656,2.594,2.594,3.4219999999999997,3.4219999999999997,5.141150123,4.664,3.988,3.988,5.284,4.81474571,6.74,6.356,6.484,5.0637981210000005,5.50048968,5.761744188,5.872447782999999,6.795713714,6.629238185,9.463814213,9.452568985,9.313899357999999,9.070160394,9.24921185,8.927080676000001,10.22714425,5.594898943,5.475263449,8.416933842,7.142649152000001,6.292652373999999,6.255677154,6.299185659,7.347901007999999,4.8980934430000005,6.27366746,2.792,11.47592576,10.40247348,9.413893627,7.846304012999999,8.483985161,4.088,4.5760000000000005,2.992,2.548,2.668,1.608
34.10226059,15.39406365,16.78824275,16.85595414,17.0249312,16.67032939,16.48779161,16.48929055,14.178692800000002,14.55635029,14.06566591,11.40392806,8.654261189,12.62554043,12.92062537,13.19724378,15.24789219,14.57392169,8.04244811,6.543804601000001,5.274456901000001,5.582801906,5.537381852999999,5.596476168,5.541808056,6.888610454,6.778964952000001,8.052343698,9.612287396000001,3.48,1.85,0.0,4.883958239,3.7060000000000004,4.168,5.0760000000000005,6.627843444,5.3022888539999995,4.64,4.168,3.7060000000000004,3.406,3.508,3.832,4.022,4.022,4.504,2.9419999999999997,2.9419999999999997,4.675565,4.676,5.616424082000001,5.167268018,5.24,5.24,6.5360000000000005,8.424,7.992000000000001,7.608,7.736000000000001,4.940896693,5.554940082999999,5.471102029,5.241883239,5.809849657000001,5.381318986,7.333825299,7.32293378,7.182949824,6.933064422999999,7.097013849,6.783634769,8.085857062999999,5.247999999999999,5.212000000000001,6.271861303,5.00346614,4.034,4.02,4.168,5.206710707,8.424,6.642344102000001,4.64,13.56124582,12.52969189,11.53229322,9.975104859,10.63614936,6.119706029,6.663925569,5.405722383,4.396,4.516,3.458
32.78197098,11.17630338,13.93106569,14.01447777,14.20162611,13.73484385,13.58218557,13.61406154,11.52445572,11.52482421,11.28448119,8.628105068,5.287999999999999,10.83659949,11.65365896,11.95462629,14.17458836,14.20709775,6.752514952,5.781490562999999,3.88,3.88,3.88,2.5,3.88,2.218,2.218,4.1,5.45574171,4.058,4.992,4.883958239,0.0,3.138,2.676,1.926,2.6660000000000004,3.3960000000000004,2.202,2.676,3.138,3.986,4.088,4.412,4.6,4.6,5.264506656,6.048461972999999,6.049731471,7.453606708,7.1753202389999995,9.190283527,8.72702362,7.851043716,7.842474961000001,7.335966387999999,7.9799795410000005,7.196989833,8.376981207,8.359623745,9.127224352999999,9.581083113,9.805408026,9.821315406,10.58954577,10.24228126,10.38110075,10.36710249,10.25478503,10.10449257,10.6371255,10.06434055,11.22506847,7.7526247370000005,7.1102437489999994,10.11312163,8.417111591,7.697445827999999,7.68239725,7.634207886,8.62126786,8.030016433,10.32668567,2.202,12.65296565,11.25402042,10.44650972,8.916674673,8.836777055,5.401853238999999,6.023310572000001,4.964829198,4.976,5.096,4.038
31.80208206,14.18133729,16.77291323,16.85285036,17.03652029,16.59500904,16.43399588,16.45843435,14.29057924,14.39282027,14.08447573,11.39062137,7.453972856,13.29993225,13.9259657,14.22231362,16.40585853,16.13053422,8.880939816,7.593956434,5.578961025,5.63472315,5.560095336,4.978890183,5.5632766160000005,5.213650217,5.119200166000001,5.517455136000001,6.504023587000001,1.178837849,1.855,3.7060000000000004,3.138,0.0,0.7348906059999999,1.37,3.2939999999999996,4.026,1.277366152,0.7398427959999999,0.54558389,1.062866058,1.267119661,1.274,1.462,1.462,1.9469999999999998,4.448,4.448,3.8939999999999997,3.8939999999999997,6.237976338999999,5.783499937999999,4.8872242439999996,4.878417549,6.108,6.152866161,4.830833343,5.725996897000001,5.645312221,6.349854307,6.728637032999999,7.0695124279999995,7.23648115,8.188488551,8.028039927,10.32117526,10.3089602,10.17544412,9.953971077,10.23347653,9.837327549,11.11877241,6.711104317999999,6.438408803,9.470167143,8.053602236,7.2167494560000005,7.185012397,7.202926789,8.263778082,6.231101852,7.372829665,1.325280851,10.9314045,9.730083955,8.787057725,7.198441681,7.616518186,3.378,3.8680000000000003,2.2840000000000003,1.839,1.959,1.1739578659999999
