,6.086036205,6.072710037,6.26319313,6.288839817,7.545478344,7.488568306,7.631752968,8.310712814,8.377092361,7.960321426,8.320839882000001,7.282302856,7.269859791,6.68070507,6.480247498,6.577549457999999,6.731194019,6.511730194,6.621656895,6.723659515,6.5591697689999995,6.541028976000001,6.374234676,6.297813892000001,6.178830624,5.3948354720000005,5.520174503,5.255343437,5.481352806,5.44748497,5.266279697,5.274922848,5.213398933,5.120138645,5.084983826,5.090770721,4.9375357630000005,4.89167881,5.017381191,4.398504733999999,4.397716045,4.547136307,4.681485176,4.7609171869999996,4.9042668339999995,4.785903931,4.5870528219999995,6.17571497,6.960077286000001,8.383047104,8.413690567,8.481765747,8.590338707,8.54208374,8.576905251,8.618927002000001,8.318723679,7.956167221,7.759571552000001,7.855837345,7.6325559620000005,7.716128826,7.7498669620000005,7.567862511,7.417701721,7.452683926000001,7.622522354,7.129902362999999,7.0232930179999995,7.038653374,6.346665382,6.458409786,6.327505588999999,5.059546471,4.689094067,4.893768787,5.90119791,5.930829525,5.903727531,5.879357815,5.656009674,5.625214577,7.02078104,4.49263525,4.245807171,4.140064716,4.482527733,4.624816418,4.693808079,4.473042011,4.745977879,4.554782867,10.12030983,9.31133461,8.596988677999999,9.009521484,9.035837172999999,9.073145866,9.256385802999999,9.106585503,9.979000092,7.338468075,4.583102226,4.380394459,4.226912975,4.275283337,5.744657516,7.562500954,4.7358789439999995,4.88872242,5.004511356,4.965041637,4.773154259,4.677402973,4.717249393,4.785743237,4.830509663,4.67985487,4.596529007,4.587004662,4.8798246380000005,4.464305401,4.456077099
6.086036205,0.0,0.02799784,0.19899999999999998,0.594,2.1919999999999997,2.1919999999999997,2.7422211080000003,3.202,3.278,2.8560000000000003,3.236,2.66,2.66,1.069,0.62,0.747,1.486,0.6525,0.7925,0.8975,0.731,0.731,0.5345,0.31,0.21625,1.147,1.578,1.462,1.909,2.005,1.93,2.332,2.124,1.6369999999999998,1.6159999999999999,1.6159999999999999,1.625,1.817,1.639,2.29,2.29,2.266,2.13,2.1,2.072,2.004,2.088,0.10955101099999999,1.235,3.3760000000000003,3.3819999999999997,3.945448613,3.5639999999999996,5.352635609,5.075421588999999,5.173170839,4.8645062789999995,5.48,5.092,5.188,4.9,5.056,5.08,4.788,4.628,4.788,5.008,4.26,4.124,4.144,3.438,3.924,3.7939999999999996,2.352,2.1959999999999997,4.388,5.38,5.848,5.848,5.848,5.4479999999999995,5.176,4.814095091,4.004,3.39,3.602,2.2159999999999997,2.072,1.976,2.298,2.0540000000000003,2.2880000000000003,7.08014862,6.01793747,4.923835201,5.283831506,5.288022717,5.025896915,5.379364941,5.342474394,6.856593317000001,4.936772125,2.2880000000000003,2.57,2.526,2.526,2.764,4.788,2.04,1.709,1.66,1.699,1.8730000000000002,2.052,2.104,1.893,1.893,2.104,2.1519999999999997,2.1519999999999997,1.8769999999999998,2.432,2.432
6.072710037,0.02799784,0.0,0.19899999999999998,0.594,2.1919999999999997,2.1919999999999997,2.770218825,3.202,3.278,2.8560000000000003,3.236,2.66,2.66,1.069,0.763838983,0.747,1.486,0.6525,0.7925,0.8975,0.731,0.731,0.5345,0.31,0.21625,1.147,1.578,1.462,1.909,2.005,1.93,2.332,2.124,1.6369999999999998,1.6159999999999999,1.6159999999999999,1.625,1.817,1.639,2.29,2.29,2.266,2.13,2.1,2.072,2.004,2.088,0.123374472,1.235,3.3760000000000003,3.3819999999999997,3.9734274960000002,3.5639999999999996,5.379320152000001,5.102635917,5.200340166,4.891391215,5.48,5.092,5.188,4.9,5.056,5.08,4.788,4.628,4.788,5.008,4.26,4.124,4.144,3.438,3.924,3.7939999999999996,2.352,2.1959999999999997,4.388,5.38,5.848,5.848,5.848,5.4479999999999995,5.176,4.8357795910000005,4.004,3.39,3.602,2.2159999999999997,2.072,1.976,2.298,2.0540000000000003,2.2880000000000003,7.10775254,6.04540779,4.951302458,5.311599891,5.315821833999999,5.0538793769999995,5.407316019,5.370314424,6.884218242999999,4.95974411,2.2880000000000003,2.57,2.526,2.526,2.764,4.788,2.04,1.709,1.66,1.699,1.8730000000000002,2.052,2.104,1.893,1.893,2.104,2.1519999999999997,2.1519999999999997,1.8769999999999998,2.432,2.432
6.26319313,0.19899999999999998,0.19899999999999998,0.0,0.395,1.992,1.992,2.601708615,3.002,3.0780000000000003,2.656,3.0380000000000003,2.46,2.46,0.87,0.602288894,0.5479999999999999,1.287,0.45375,0.5935,0.6985,0.532,0.532,0.33525,0.144037167,0.15830302599999999,1.189,1.62,1.504,1.9509999999999998,2.0469999999999997,1.972,2.374,2.166,1.679,1.6580000000000001,1.6580000000000001,1.666,1.859,1.681,2.332,2.332,2.3080000000000003,2.1719999999999997,2.142,2.112,2.046,2.13,0.120375,1.036,3.178,3.182,3.797979492,3.366,5.266083545,4.975361653,5.0743352260000005,6.196000000000001,5.34,4.952,5.044,4.756,5.1,5.12,4.832,4.672,4.832,5.052,4.3,4.164,4.184,3.48,3.966,3.8360000000000003,2.392,2.238,4.4319999999999995,5.4239999999999995,5.888,5.888,5.888,5.492000000000001,5.216,4.806823831,4.046,3.432,3.6439999999999997,2.258,2.114,2.0180000000000002,2.34,2.096,2.33,6.9661187920000005,5.909235529,4.815899829,5.163386005,5.165982608999999,4.889115853,5.24656199,5.2180968960000005,6.74181047,4.913020724,2.33,2.612,2.568,2.568,2.804,4.832,2.082,1.751,1.702,1.7409999999999999,1.915,2.094,2.146,1.935,1.935,2.146,2.194,2.194,1.919,2.474,2.474
6.288839817,0.594,0.594,0.395,0.0,1.817,1.817,2.213682785,2.8280000000000003,2.904,2.4819999999999998,2.862,2.286,2.286,0.695,0.24575,0.45489150100000003,1.112,0.27825,0.635,0.74,0.705,0.705,0.5085,0.28425,0.37775,1.584,2.015,1.899,2.346,2.4419999999999997,2.366,2.77,2.562,2.074,2.052,2.052,2.062,2.254,2.076,2.7260000000000004,2.7260000000000004,2.7039999999999997,2.568,2.5380000000000003,2.508,2.4419999999999997,2.524,0.5155,0.861,3.002,3.008,2.904,3.19,4.819225361,6.02,6.02,6.02,5.164,4.776,4.868,4.58,5.112,5.132000000000001,5.0680000000000005,4.752,5.0680000000000005,5.18,4.696000000000001,4.56,4.58,3.8760000000000003,4.36,4.232,2.7880000000000003,2.634,4.828,5.82,6.284,6.284,6.284,5.8839999999999995,5.612,7.176,4.44,3.826,4.04,2.654,2.508,2.412,2.734,2.492,2.7260000000000004,6.541276648999999,5.47919982,5.516,5.0680000000000005,5.0680000000000005,4.876,4.844446919,4.804922212,6.317740111,7.64,2.7260000000000004,3.008,2.964,2.964,3.2,5.0680000000000005,2.476,2.146,2.0980000000000003,2.136,2.31,2.49,2.54,2.33,2.33,2.54,2.59,2.59,2.314,2.87,2.87
7.545478344,2.1919999999999997,2.1919999999999997,1.992,1.817,0.0,0.068493195,0.25947730199999997,1.131,1.208,0.7855,1.167,0.5895,0.5895,1.358780225,1.571,1.922,2.18,1.827,2.2319999999999998,2.338,2.302,2.302,2.106,1.882,1.975,3.182,3.612,3.4960000000000004,3.944,4.04,3.964,4.368,4.16,3.6719999999999997,3.65,3.65,3.658,3.852,3.674,4.324,4.324,4.3,4.164,4.136,4.104,4.038,4.124,2.112,1.206,1.306,1.3119999999999998,1.208,1.494,4.252,4.324,4.324,4.324,3.468,3.08,3.1719999999999997,2.884,3.4139999999999997,3.438,3.372,3.054,3.372,3.486,3.426,3.912,3.54,4.408,4.8919999999999995,4.76,4.3839999999999995,4.232,6.4239999999999995,7.416,7.88,7.88,7.88,7.484,7.207999999999999,6.516,6.04,5.4239999999999995,5.636,4.252,4.1080000000000005,4.01,4.332,4.088,4.324,5.312,4.416,3.82,3.372,3.372,3.18,3.1039999999999996,3.372,5.14,6.564,4.324,4.604,4.56,4.56,4.796,3.372,4.074,3.7439999999999998,3.694,3.734,3.908,4.086,4.136,3.928,3.928,4.136,4.188,4.188,3.912,4.468,4.468
7.488568306,2.1919999999999997,2.1919999999999997,1.992,1.817,0.068493195,0.0,0.28762181600000003,1.131,1.208,0.7855,1.167,0.5895,0.5895,1.122,1.571,1.922,2.18,1.827,2.2319999999999998,2.338,2.302,2.302,2.106,1.882,1.975,3.182,3.612,3.4960000000000004,3.944,4.04,3.964,4.368,4.16,3.6719999999999997,3.65,3.65,3.658,3.852,3.674,4.324,4.324,4.3,4.164,4.136,4.104,4.038,4.124,2.112,1.206,1.306,1.3119999999999998,1.484399338,1.494,4.252,4.324,4.324,4.324,3.468,3.08,3.1719999999999997,2.884,3.4139999999999997,3.438,3.372,3.054,3.372,3.486,3.426,3.912,3.54,4.408,4.8919999999999995,4.76,4.3839999999999995,4.232,6.4239999999999995,7.416,7.88,7.88,7.88,7.484,7.207999999999999,6.516,6.04,5.4239999999999995,5.636,4.252,4.1080000000000005,4.01,4.332,4.088,4.324,5.312,4.416,3.82,3.372,3.372,3.18,3.1039999999999996,3.372,5.14,6.564,4.324,4.604,4.56,4.56,4.796,3.372,4.074,3.7439999999999998,3.694,3.734,3.908,4.086,4.136,3.928,3.928,4.136,4.188,4.188,3.912,4.468,4.468
7.631752968,2.7422211080000003,2.770218825,2.601708615,2.213682785,0.25947730199999997,0.28762181600000003,0.0,0.988,1.064,0.642,1.023,0.446,0.446,1.589158765,2.007488095,1.944,2.202,1.85,2.254,2.36,2.324,2.324,2.128,2.4632510990000003,2.556941866,3.2039999999999997,3.634,3.5180000000000002,3.966,4.062,3.986,4.388,4.18,3.694,3.6719999999999997,3.6719999999999997,3.682,3.8739999999999997,3.696,4.348,4.348,4.324,4.188,4.156000000000001,4.128,4.06,4.144,2.700286337,1.477629975,1.162,1.168,1.064,1.35,4.1080000000000005,4.184,4.184,4.184,3.324,2.9360000000000004,3.03,2.742,3.27,3.2939999999999996,3.228,2.912,3.228,3.342,3.282,3.7680000000000002,3.398,4.263999999999999,4.748,4.6160000000000005,4.408,4.252,6.4479999999999995,7.436,7.904,7.904,7.904,7.504,7.232,6.372000000000001,6.06,5.4479999999999995,5.66,4.272,4.128,4.032,4.356,4.112,4.343999999999999,5.167999999999999,4.272,3.678,3.228,3.228,3.036,2.9619999999999997,3.228,4.996,6.42,4.343999999999999,4.628,4.584,4.584,4.82,3.228,4.096,3.766,3.716,3.7560000000000002,3.93,4.1080000000000005,4.16,3.95,3.95,4.16,4.208,4.208,3.9339999999999997,4.488,4.488
8.310712814,3.202,3.202,3.002,2.8280000000000003,1.1320000000000001,1.1320000000000001,0.988,0.0,0.095726163,0.7040000000000001,0.188375,1.4340000000000002,1.4340000000000002,2.558357741,2.582,2.932,3.19,2.838,3.242,3.3480000000000003,3.312,3.312,3.116,2.892,2.986,4.192,4.624,4.508,4.952,4.928,4.624,4.22,4.564,4.68,4.66,4.66,4.668,4.86,4.684,5.003554974,4.996072507,5.312,5.176,5.144,5.0760000000000005,5.048,4.841809762,3.1239999999999997,2.2159999999999997,0.17425,0.24129852699999998,0.236151365,0.36225,3.12,3.194,3.194,3.194,2.336,1.9480000000000002,2.041,1.7530000000000001,2.282,2.306,2.24,1.923,2.24,2.354,2.294,2.782,2.41,3.2739999999999996,3.76,3.63,4.5280000000000005,5.092,7.284,6.74,7.376,7.376,7.376,7.332000000000001,6.9479999999999995,5.3839999999999995,6.9,4.89142114,5.042284043,5.407713061,5.288106242,5.264036732,5.329446138,5.352058724,5.184,4.18,3.286,2.69,2.24,2.24,2.048,1.973,2.24,4.01,5.432,5.184,4.869050068,5.138833928,5.124880737,3.932,2.24,5.084,4.752,4.704,4.85340242,5.066792327,5.110192363,5.012528395,4.891980435,4.936,4.965447605,5.123059761,5.209123007,4.898985833,5.008112036,5.0025561419999995
8.377092361,3.278,3.278,3.08,2.904,1.208,1.208,1.064,0.095726163,0.0,0.78,0.2645,1.51,1.51,2.654059628,2.658,3.008,3.266,2.9139999999999997,3.318,3.424,3.39,3.39,3.1919999999999997,2.968,3.062,4.268,4.7,4.584,4.948,4.852,4.548,4.144,4.488,4.756,4.736000000000001,4.736000000000001,4.744,4.936,4.76,5.094031149,5.086449398,4.835960383,5.144,5.112,5.0,5.124,4.933318044,3.2,2.292,0.250375,0.16072614400000002,0.14078911800000002,0.28625,3.0439999999999996,3.1180000000000003,3.1180000000000003,3.1180000000000003,2.26,1.8719999999999999,1.965,1.6769999999999998,2.206,2.23,2.164,1.847,2.164,2.278,2.218,2.7039999999999997,2.332,3.198,3.6839999999999997,3.554,4.452,5.016,7.207999999999999,6.664,7.3,7.3,7.3,7.256,6.872000000000001,5.308,6.824,4.967877649,5.117001201,5.501578212999999,5.382370717000001,5.358571276,5.422955308,5.446995889,5.1080000000000005,4.104,3.21,2.612,2.164,2.164,1.973,1.8969999999999998,2.164,3.9339999999999997,5.356,5.1080000000000005,4.957106627,5.228093689,5.214812749,3.8560000000000003,2.164,5.16,4.828,4.78,4.948106773,5.161158625,5.204157661,5.106364237,4.985768812,4.8919006110000005,5.058790172,5.216534066,5.30289775,4.993391193,5.099561447,5.093847848
7.960321426,3.014,3.014,2.8139999999999996,2.64,0.9435,0.9435,0.8,0.547148461,0.642573947,0.0,0.38125,1.246,1.246,1.944,2.394,2.7439999999999998,3.002,2.65,3.054,3.16,3.1239999999999997,3.1239999999999997,2.928,2.7039999999999997,2.798,4.004,4.436,4.32,4.763999999999999,4.86,4.788,4.5680000000000005,4.912,4.492,4.4719999999999995,4.4719999999999995,4.48,4.672,4.496,5.144,5.144,5.124,4.988,4.956,4.928,4.86,4.944,2.9360000000000004,2.029,0.5205,0.7772659409999999,0.781364788,0.917110448,3.466,3.54,3.54,3.54,2.682,2.294,2.388,2.1,2.628,2.6519999999999997,2.5860000000000003,2.27,2.5860000000000003,2.7,2.64,3.128,2.7560000000000002,3.62,4.1080000000000005,3.9760000000000004,4.872,5.052,7.247999999999999,7.087999999999999,7.72,7.72,7.72,7.68,7.292000000000001,5.732,6.86,6.244,6.46,4.885086572,4.928,4.832,4.810081102,4.818993165,5.144,4.524,3.6319999999999997,3.036,2.5860000000000003,2.5860000000000003,2.394,2.32,2.5860000000000003,4.356,5.776,5.144,5.428,5.3839999999999995,5.3839999999999995,4.28,2.5860000000000003,4.896,4.564,4.516,4.556,4.728,4.908,4.96,4.748,4.748,4.96,5.008,5.008,4.732,5.287999999999999,5.287999999999999
8.320839882000001,3.24,3.24,3.04,2.866,1.17,1.17,1.026,0.183125,0.25925,0.742,0.0,1.472,1.472,2.17,2.62,2.97,3.228,2.8760000000000003,3.28,3.386,3.35,3.35,3.154,2.93,3.0239999999999996,4.228,4.66,4.544,4.992,5.088,4.808,4.404,4.748,4.72,4.7,4.7,4.708,4.9,4.72,4.964213616,4.957400176,5.348,5.212000000000001,5.184,5.152,5.088,5.172000000000001,3.162,2.254,0.3575,0.36325,0.38163030600000003,0.5455,3.304,3.378,3.378,3.378,2.52,2.1319999999999997,2.224,1.9369999999999998,2.4659999999999997,2.488,2.424,2.106,2.424,2.5380000000000003,2.478,2.964,2.592,3.458,3.944,3.812,4.712,5.276,7.468,6.9239999999999995,7.56,7.56,7.56,7.516,7.132000000000001,5.568,7.084,4.918297143999999,5.075184107,5.3401626360000005,5.216108719,5.188650401,5.265631818,5.270762736,5.367999999999999,4.364,3.47,2.872,2.424,2.424,2.2319999999999998,2.156,2.424,4.192,5.6160000000000005,5.367999999999999,4.844635491,5.107111048999999,5.088980567,4.1160000000000005,2.424,5.124,4.792,4.744,4.78,4.993723834,5.041785655,4.945613103,4.825678746,4.976,4.903569972,5.059759789,5.1426903710000005,4.825570777,4.961948577,4.957547676
7.282302856,2.66,2.66,2.46,2.286,0.5895,0.5895,0.446,1.4340000000000002,1.51,1.088,1.469,0.0,0.030339506000000002,1.591,2.04,2.39,2.648,2.296,2.7,2.806,2.77,2.77,2.574,2.35,2.444,3.65,4.08,3.964,4.412,4.508,4.4319999999999995,4.836,4.628,4.14,4.12,4.12,4.128,4.32,4.14,4.792,4.792,4.768,4.632,4.604,4.572,4.508,4.592,2.582,1.675,1.608,1.614,1.51,1.796,4.556,4.628,4.628,4.628,3.77,3.3819999999999997,3.4760000000000004,3.188,3.716,3.74,3.674,3.358,3.674,3.7880000000000003,3.728,4.216,3.844,4.708,5.196000000000001,5.064,4.852,4.7,6.892,7.8839999999999995,8.352,8.352,8.352,7.952000000000001,7.68,6.82,6.507999999999999,5.892,6.104,4.72,4.5760000000000005,4.48,4.8,4.556,4.792,5.612,4.72,4.124,3.674,3.674,3.4819999999999998,3.408,3.674,5.444,6.864,4.792,5.072,5.0280000000000005,5.0280000000000005,5.263999999999999,3.674,4.544,4.212,4.164,4.2,4.376,4.556,4.604,4.396,4.396,4.604,4.656000000000001,4.656000000000001,4.38,4.936,4.936
7.269859791,2.66,2.66,2.46,2.286,0.5895,0.5895,0.446,1.4340000000000002,1.51,1.088,1.469,0.030339506000000002,0.0,1.591,2.04,2.39,2.648,2.296,2.7,2.806,2.77,2.77,2.574,2.35,2.444,3.65,4.08,3.964,4.412,4.508,4.4319999999999995,4.836,4.628,4.14,4.12,4.12,4.128,4.32,4.14,4.792,4.792,4.768,4.632,4.604,4.572,4.508,4.592,2.582,1.675,1.608,1.614,1.51,1.796,4.556,4.628,4.628,4.628,3.77,3.3819999999999997,3.4760000000000004,3.188,3.716,3.74,3.674,3.358,3.674,3.7880000000000003,3.728,4.216,3.844,4.708,5.196000000000001,5.064,4.852,4.7,6.892,7.8839999999999995,8.352,8.352,8.352,7.952000000000001,7.68,6.82,6.507999999999999,5.892,6.104,4.72,4.5760000000000005,4.48,4.8,4.556,4.792,5.612,4.72,4.124,3.674,3.674,3.4819999999999998,3.408,3.674,5.444,6.864,4.792,5.072,5.0280000000000005,5.0280000000000005,5.263999999999999,3.674,4.544,4.212,4.164,4.2,4.376,4.556,4.604,4.396,4.396,4.604,4.656000000000001,4.656000000000001,4.38,4.936,4.936
6.68070507,1.069,1.069,0.87,0.695,1.358780225,1.122,1.589158765,2.558357741,2.654059628,1.786,2.168,1.591,1.591,0.0,0.449,0.7995,1.058,0.705,1.11,1.215,1.18,1.18,0.9835,0.7595,0.853,2.0580000000000003,2.49,2.374,2.82,2.9160000000000004,2.842,3.2439999999999998,3.036,2.548,2.528,2.528,2.536,2.728,2.55,3.202,3.202,3.178,3.042,3.012,2.984,2.9160000000000004,3.0,0.9905,0.34993092,2.306,2.779587177,2.7936293880000003,2.494,5.252000000000001,5.327999999999999,5.327999999999999,5.327999999999999,4.468,4.08,4.176,3.886,4.416,4.44,4.372,4.056,4.372,4.488,4.428,4.912,4.54,4.352,4.836,4.704,3.264,3.108,5.3,6.292000000000001,6.756,6.756,6.756,6.36,6.087999999999999,7.516,4.916,4.3,4.516,3.128,2.984,2.888,3.21,2.966,3.2,5.945879137,4.891051088999999,4.82,4.372,4.372,4.18,4.104,4.372,5.721420482,7.564,3.2,3.4819999999999998,3.438,3.438,3.676,4.372,2.952,2.622,2.572,2.612,2.784,2.964,3.016,2.806,2.806,3.016,3.0639999999999996,3.0639999999999996,2.79,3.344,3.344
6.480247498,0.62,0.763838983,0.602288894,0.24575,1.571,1.571,2.007488095,2.582,2.658,2.2359999999999998,2.616,2.04,2.04,0.449,0.0,0.35025,0.866,0.256,0.6609999999999999,0.7659999999999999,0.731,0.731,0.5345,0.459791944,0.550630885,1.61,2.041,1.925,2.372,2.468,2.392,2.7960000000000003,2.588,2.1,2.0780000000000003,2.0780000000000003,2.088,2.28,2.102,2.752,2.752,2.73,2.594,2.5639999999999996,2.5340000000000003,2.468,2.55,0.6943182729999999,0.6155,2.7560000000000002,2.762,3.2096581630000003,2.944,5.704,5.776,5.776,5.776,4.916,4.5280000000000005,4.624,4.336,4.864,4.888,4.824,4.504,4.824,4.936,4.72,4.588,4.6080000000000005,3.9019999999999997,4.388,4.256,2.8139999999999996,2.66,4.852,5.843999999999999,6.308,6.308,6.308,5.912000000000001,5.64,7.2,4.468,3.852,4.066,2.68,2.5340000000000003,2.438,2.76,2.5180000000000002,2.752,6.36384686,5.307148809,5.272,4.824,4.824,4.632,4.556,4.824,6.139561165,7.667999999999999,2.752,3.034,2.988,2.988,3.2260000000000004,4.824,2.502,2.1719999999999997,2.124,2.162,2.336,2.516,2.5660000000000003,2.356,2.356,2.5660000000000003,2.616,2.616,2.34,2.8960000000000004,2.8960000000000004
6.577549457999999,0.7609999999999999,0.7609999999999999,0.562,0.3865,1.936,1.936,1.9580000000000002,2.946,3.022,2.6,2.98,2.404,2.404,0.813,0.364,0.0,1.23,0.11925,0.8015,0.907,0.872,0.872,0.6755,0.451,0.5445,1.751,2.182,2.066,2.512,2.608,2.5340000000000003,2.9360000000000004,2.728,2.24,2.22,2.22,2.228,2.42,2.242,2.8939999999999997,2.8939999999999997,2.87,2.734,2.7039999999999997,2.674,2.608,2.6919999999999997,0.682,0.9795,3.12,3.1260000000000003,3.022,3.3080000000000003,5.004666657,6.14,6.14,6.14,5.284,4.8919999999999995,4.988,4.7,5.228,5.252000000000001,5.188,4.868,5.188,5.3,4.864,4.728,4.748,4.042,4.5280000000000005,4.396,2.9539999999999997,2.8,4.992,5.984,6.4479999999999995,6.4479999999999995,6.4479999999999995,6.0520000000000005,5.78,7.343999999999999,4.6080000000000005,3.9939999999999998,4.208,2.82,2.676,2.58,2.9019999999999997,2.658,2.892,6.656111900000001,5.609447736,5.636,4.846468805,4.8465443089999996,4.996,4.910316756,4.894878825,6.430931177000001,7.808,2.892,3.174,3.13,3.13,3.366,5.188,2.6439999999999997,2.312,2.2640000000000002,2.302,2.476,2.656,2.7060000000000004,2.496,2.496,2.7060000000000004,2.7560000000000002,2.7560000000000002,2.48,3.036,3.036
6.731194019,1.486,1.486,1.287,1.112,2.18,2.18,2.202,3.19,3.266,2.844,3.2260000000000004,2.648,2.648,1.058,0.866,1.216,0.0,1.122,1.527,1.632,1.597,1.597,1.401,1.176,1.27,2.476,2.908,2.792,3.238,3.3339999999999996,3.258,3.662,3.4539999999999997,2.966,2.946,2.946,2.9539999999999997,3.1460000000000004,2.968,3.6180000000000003,3.6180000000000003,3.596,3.46,3.43,3.4,3.3339999999999996,3.418,1.4080000000000001,1.224,3.364,3.37,3.266,3.552,5.053920744,6.3839999999999995,4.829435318,6.3839999999999995,5.528,5.14,5.232,4.944,5.472,5.496,5.432,5.112,5.432,5.544,5.484,5.452000000000001,5.472,4.768,5.252000000000001,5.124,3.68,3.5260000000000002,5.72,6.712000000000001,7.176,7.176,7.176,6.776,6.504,4.813427166,5.332000000000001,4.72,4.9319999999999995,3.5460000000000003,3.4,3.304,3.6260000000000003,3.384,3.6180000000000003,6.669593045,5.631830009,5.88,4.857310541,4.855398773,5.24,4.9051283869999995,4.900613012,6.444006031,4.8747332430000005,3.6180000000000003,3.9,3.8560000000000003,3.8560000000000003,4.092,5.432,3.3680000000000003,3.0380000000000003,2.99,3.028,3.202,3.3819999999999997,3.432,3.222,3.222,3.432,3.4819999999999998,3.4819999999999998,3.2060000000000004,3.762,3.762
6.511730194,0.6415,0.6415,0.4425,0.320847516,1.8159999999999998,1.8159999999999998,1.839,2.826,2.9019999999999997,2.48,2.862,2.2840000000000003,2.2840000000000003,0.6940000000000001,0.244875,0.142537781,1.111,0.0,0.6825,0.7875,0.7525,0.7525,0.556,0.33175,0.42525,1.631,2.062,1.946,2.394,2.49,2.414,2.818,2.61,2.122,2.1,2.1,2.11,2.302,2.124,2.7739999999999996,2.7739999999999996,2.752,2.616,2.5860000000000003,2.556,2.488,2.572,0.563,0.8605,3.0,3.0060000000000002,2.9019999999999997,3.188,4.908529864,6.02,6.02,6.02,5.164,4.776,4.868,4.58,5.1080000000000005,5.132000000000001,5.0680000000000005,4.752,5.0680000000000005,5.18,4.744,4.6080000000000005,4.628,3.9219999999999997,4.408,4.276,2.8360000000000003,2.68,4.876,5.864,6.332000000000001,6.332000000000001,6.332000000000001,5.932,5.66,7.224,4.488,3.8739999999999997,4.088,2.7,2.556,2.46,2.782,2.5380000000000003,2.772,6.579388156,5.528023456000001,5.516,5.0680000000000005,5.0680000000000005,4.876,4.84610315,4.823908679,6.35455236,7.688,2.772,3.056,3.01,3.01,3.248,5.0680000000000005,2.524,2.194,2.144,2.184,2.358,2.536,2.588,2.378,2.378,2.588,2.638,2.638,2.362,2.9160000000000004,2.9160000000000004
6.621656895,0.7925,0.7925,0.5935,0.635,2.2319999999999998,2.2319999999999998,2.254,3.242,3.318,2.8960000000000004,3.278,2.7,2.7,1.11,0.6609999999999999,0.7879999999999999,1.527,0.6935,0.0,0.154556382,0.148586445,0.149190455,0.284,0.4825,0.5760000000000001,1.7819999999999998,2.214,2.0980000000000003,2.544,2.64,2.5639999999999996,2.968,2.76,2.272,2.252,2.252,2.26,2.452,2.274,2.924,2.924,2.9019999999999997,2.766,2.736,2.7060000000000004,2.64,2.7239999999999998,0.7135,1.276,3.4160000000000004,3.4219999999999997,3.318,3.6039999999999996,5.183105043,4.863949033,4.9651588360000005,6.436,5.58,5.192,5.284,4.996,5.524,5.547999999999999,5.4239999999999995,5.167999999999999,5.4239999999999995,5.596,4.8919999999999995,4.76,4.78,4.074,4.56,4.428,2.986,2.832,5.024,6.016,6.48,6.48,6.48,6.084,5.812,4.890082888999999,4.64,4.024,4.236000000000001,2.852,2.7060000000000004,2.61,2.932,2.69,2.924,6.816159083,5.774427045,5.932,5.004677173,5.00356366,5.292000000000001,5.058551106,5.05001324,6.5907136379999995,4.9631196189999995,2.924,3.2060000000000004,3.162,3.162,3.398,5.4239999999999995,2.676,2.344,2.296,2.334,2.508,2.688,2.738,2.528,2.528,2.738,2.7880000000000003,2.7880000000000003,2.512,3.068,3.068
6.723659515,0.8975,0.8975,0.6985,0.74,2.338,2.338,2.36,3.3480000000000003,3.424,3.002,3.3819999999999997,2.806,2.806,1.215,0.7659999999999999,0.893,1.632,0.799,0.154556382,0.0,0.195,0.195,0.38925,0.5875,0.6815,1.8869999999999998,2.318,2.202,2.65,2.7460000000000004,2.67,3.074,2.866,2.378,2.356,2.356,2.366,2.5580000000000003,2.38,3.03,3.03,3.008,2.872,2.842,2.812,2.7439999999999998,2.8280000000000003,0.8190000000000001,1.382,3.522,3.528,3.424,3.71,5.256415893,4.928302561000001,5.030111806,6.544,5.684,5.296,5.388,5.1,5.632000000000001,5.652,5.528,5.272,5.528,5.704,5.0,4.864,4.8839999999999995,4.18,4.664,4.532,3.092,2.9360000000000004,5.132000000000001,6.12,6.587999999999999,6.587999999999999,6.587999999999999,6.188,5.916,5.009534808,4.744,4.128,4.343999999999999,2.9560000000000004,2.812,2.716,3.0380000000000003,2.7939999999999996,3.028,6.864558076000001,5.8293612139999995,6.0360000000000005,5.051944136,5.0494436160000005,5.396,5.094483971,5.093680482,6.638894136,5.07460915,3.028,3.312,3.266,3.266,3.5039999999999996,5.528,2.78,2.45,2.4,2.44,2.614,2.792,2.844,2.634,2.634,2.844,2.8939999999999997,2.8939999999999997,2.6180000000000003,3.1719999999999997,3.1719999999999997
6.5591697689999995,0.731,0.731,0.532,0.705,2.302,2.302,2.324,3.312,3.388,2.966,3.3480000000000003,2.77,2.77,1.18,0.731,0.858,1.597,0.7635,0.148586445,0.195,0.0,0.026061841000000002,0.27744179399999996,0.42100000000000004,0.5145,1.7209999999999999,2.1519999999999997,2.036,2.4819999999999998,2.5780000000000003,2.504,2.906,2.698,2.21,2.19,2.19,2.198,2.39,2.2119999999999997,2.864,2.864,2.84,2.7039999999999997,2.674,2.6439999999999997,2.5780000000000003,2.662,0.6525,1.347,3.488,3.492,3.388,3.676,5.322839651000001,5.006688058,5.107706066,4.823656475,5.648,5.26,5.356,5.0680000000000005,5.596,5.62,5.364,5.204,5.364,5.584,4.832,4.696000000000001,4.716,4.012,4.5,4.368,2.924,2.77,4.9639999999999995,5.956,6.42,6.42,6.42,6.024,5.747999999999999,5.000418852,4.58,3.964,4.176,2.79,2.6460000000000004,2.55,2.872,2.628,2.862,6.962437512,5.919472517000001,4.8318316260000005,5.151261258,5.150368057,4.841343642,5.2065476330000005,5.197138164,6.737041484,5.080812998,2.862,3.1439999999999997,3.1,3.1,3.3360000000000003,5.364,2.614,2.282,2.234,2.272,2.4459999999999997,2.6260000000000003,2.676,2.4659999999999997,2.4659999999999997,2.676,2.7260000000000004,2.7260000000000004,2.45,3.0060000000000002,3.0060000000000002
6.541028976000001,0.731,0.731,0.532,0.705,2.302,2.302,2.324,3.312,3.388,2.966,3.3480000000000003,2.77,2.77,1.18,0.731,0.858,1.597,0.7635,0.149190455,0.195,0.026061841000000002,0.0,0.251417861,0.42100000000000004,0.5145,1.7209999999999999,2.1519999999999997,2.036,2.4819999999999998,2.5780000000000003,2.504,2.906,2.698,2.21,2.19,2.19,2.198,2.39,2.2119999999999997,2.864,2.864,2.84,2.7039999999999997,2.674,2.6439999999999997,2.5780000000000003,2.662,0.6525,1.347,3.488,3.492,3.388,3.676,5.312585019,4.998011747,5.098914822,4.8137374269999995,5.648,5.26,5.356,5.0680000000000005,5.596,5.62,5.364,5.204,5.364,5.584,4.832,4.696000000000001,4.716,4.012,4.5,4.368,2.924,2.77,4.9639999999999995,5.956,6.42,6.42,6.42,6.024,5.747999999999999,4.981968808,4.58,3.964,4.176,2.79,2.6460000000000004,2.55,2.872,2.628,2.862,6.956310833,5.912309873,4.8241256660000005,5.145471265,5.144811995,4.837918468,5.202655453,5.191949695,6.730965704,5.063821599999999,2.862,3.1439999999999997,3.1,3.1,3.3360000000000003,5.364,2.614,2.282,2.234,2.272,2.4459999999999997,2.6260000000000003,2.676,2.4659999999999997,2.4659999999999997,2.676,2.7260000000000004,2.7260000000000004,2.45,3.0060000000000002,3.0060000000000002
6.374234676,0.5345,0.5345,0.33525,0.5085,2.106,2.106,2.128,3.116,3.1919999999999997,2.77,3.1519999999999997,2.574,2.574,0.9835,0.5345,0.6615,1.401,0.5670000000000001,0.284,0.38925,0.27744179399999996,0.251417861,0.0,0.224375,0.318,1.524,1.955,1.839,2.286,2.3819999999999997,2.306,2.71,2.502,2.0140000000000002,1.993,1.993,2.002,2.194,2.016,2.6660000000000004,2.6660000000000004,2.6439999999999997,2.508,2.478,2.448,2.3819999999999997,2.4659999999999997,0.45575,1.15,3.29,3.2960000000000003,3.1919999999999997,3.478,5.20611677,4.907085452,5.00675974,6.312,5.452000000000001,5.064,5.156000000000001,4.868,5.4,5.42,5.164,5.008,5.164,5.388,4.636,4.5,4.52,3.8160000000000003,4.3,4.172,2.728,2.574,4.768,5.76,6.224,6.224,6.224,5.824,5.5520000000000005,7.1160000000000005,4.38,3.766,3.98,2.594,2.448,2.352,2.674,2.432,2.6660000000000004,6.888108493,5.834974804,5.803999999999999,5.082170842,5.0837670269999995,5.164,5.157577099999999,5.134388885,6.663409497000001,4.893088475,2.6660000000000004,2.948,2.904,2.904,3.14,5.164,2.418,2.086,2.037,2.076,2.25,2.43,2.48,2.27,2.27,2.48,2.53,2.53,2.254,2.81,2.81
6.297813892000001,0.31,0.31,0.144037167,0.28425,1.882,1.882,2.4632510990000003,2.892,2.968,2.546,2.926,2.35,2.35,0.7595,0.459791944,0.43700000000000006,1.176,0.34275,0.4825,0.5875,0.42100000000000004,0.42100000000000004,0.224375,0.0,0.143277502,1.3,1.7309999999999999,1.615,2.062,2.158,2.082,2.4859999999999998,2.278,1.79,1.7690000000000001,1.7690000000000001,1.777,1.969,1.7919999999999998,2.4419999999999997,2.4419999999999997,2.42,2.2840000000000003,2.254,2.224,2.156,2.24,0.23125,0.9255,3.0660000000000003,3.072,3.6618117939999997,3.2539999999999996,5.122065737,4.831537181,4.930464586,6.087999999999999,5.228,4.84,4.9319999999999995,4.644,5.176,5.196000000000001,4.94,4.784,4.94,5.16,4.412,4.276,4.296,3.592,4.078,3.946,2.504,2.35,4.544,5.532,6.0,6.0,6.0,5.6,5.327999999999999,6.892,4.156000000000001,3.542,3.7560000000000002,2.3680000000000003,2.224,2.128,2.45,2.206,2.4419999999999997,6.823418291,5.765983785,5.58,5.0214015739999995,5.024229184,4.94,5.106748411,5.076710714,6.599186535,7.356,2.4419999999999997,2.7239999999999998,2.678,2.678,2.9160000000000004,4.94,2.1919999999999997,1.8619999999999999,1.8130000000000002,1.8519999999999999,2.026,2.206,2.256,2.046,2.046,2.256,2.306,2.306,2.03,2.5839999999999996,2.5839999999999996
6.178830624,0.21625,0.21625,0.15830302599999999,0.37775,1.975,1.975,2.556941866,2.986,3.062,2.64,3.02,2.444,2.444,0.853,0.550630885,0.5305,1.27,0.4365,0.5760000000000001,0.6815,0.5145,0.5145,0.318,0.143277502,0.0,1.206,1.6369999999999998,1.521,1.9680000000000002,2.064,1.989,2.392,2.184,1.696,1.675,1.675,1.6840000000000002,1.876,1.6980000000000002,2.3480000000000003,2.3480000000000003,2.326,2.19,2.16,2.13,2.064,2.148,0.17117222,1.0190000000000001,3.16,3.1660000000000004,3.76013565,3.3480000000000003,5.1778563339999994,4.89668874,4.9947742139999995,6.18,5.32,4.9319999999999995,5.0280000000000005,4.74,5.1160000000000005,5.14,4.848,4.688,4.848,5.0680000000000005,4.316,4.184,4.204,3.498,3.984,3.852,2.41,2.256,4.448,5.44,5.904,5.904,5.904,5.507999999999999,5.236000000000001,6.796,4.064,3.448,3.662,2.276,2.13,2.035,2.356,2.114,2.3480000000000003,6.8983608510000005,5.837208457999999,5.676,5.100758231,5.104695261,4.840895103,5.194696475,5.158802426,6.67464432,7.263999999999999,2.3480000000000003,2.63,2.5860000000000003,2.5860000000000003,2.822,4.848,2.1,1.768,1.719,1.758,1.932,2.112,2.162,1.952,1.952,2.162,2.2119999999999997,2.2119999999999997,1.936,2.492,2.492
5.3948354720000005,1.147,1.147,1.189,1.584,3.182,3.182,3.2039999999999997,4.192,4.268,3.846,4.228,3.65,3.65,2.0580000000000003,1.61,1.7369999999999999,2.476,1.642,1.7819999999999998,1.8869999999999998,1.7209999999999999,1.7209999999999999,1.524,1.3,1.206,0.0,0.43125,0.315,0.762,0.858,0.7829999999999999,1.186,0.978,0.48975,0.469,0.469,0.47775,0.7965,0.66,1.2690000000000001,1.2690000000000001,1.12,0.9835,0.9540000000000001,0.924,0.857,1.068,1.068,2.226,4.364,4.372,4.268,4.552,5.491428898,5.275225244,5.3662877,5.029850108,4.332,3.946,4.04,3.752,3.91,3.932,3.642,3.4819999999999998,3.642,3.862,3.112,2.9760000000000004,2.9960000000000004,2.292,2.778,2.6460000000000004,1.204,1.0490000000000002,3.242,4.236000000000001,4.7,4.7,4.7,4.3,4.0280000000000005,5.5920000000000005,2.858,2.242,2.456,1.392,1.247,1.151,1.473,1.31,1.141,7.317728173,6.242231521,5.159446129,5.567910532999999,5.578985304,5.385204217,5.716496147000001,5.642931955,7.099290323,4.82684162,1.141,1.4969999999999999,1.506,1.506,1.6159999999999999,3.642,0.893,0.562,0.5135,0.7929999999999999,1.048,1.219,1.083,0.9175,0.9175,1.083,1.273,1.273,0.971,1.412,1.412
5.520174503,1.578,1.578,1.62,2.015,3.612,3.612,3.634,4.624,4.7,4.276,4.656000000000001,4.08,4.08,2.49,2.041,2.168,2.908,2.074,2.214,2.318,2.1519999999999997,2.1519999999999997,1.955,1.7309999999999999,1.6369999999999998,0.43125,0.0,0.551,0.998,1.094,1.0190000000000001,1.422,1.214,0.726,0.705,0.705,0.7135,1.032,0.8959999999999999,1.505,1.505,1.3559999999999999,1.22,1.19,1.16,1.093,1.304,1.5,2.656,4.796,4.803999999999999,4.7,4.984,5.103891257,4.8925500180000006,4.98287614,5.428,4.5680000000000005,4.18,4.276,3.988,4.144,4.168,3.878,3.718,3.878,4.1,3.3480000000000003,3.2119999999999997,3.2319999999999998,2.528,3.014,2.8819999999999997,1.44,1.285,3.478,4.4719999999999995,4.936,4.936,4.936,4.5360000000000005,4.263999999999999,5.827999999999999,3.094,2.478,2.6919999999999997,1.6280000000000001,1.483,1.3869999999999998,1.709,1.546,1.3769999999999998,6.936803912999999,5.86085981,4.9239999999999995,5.194875444,5.206943862,5.025412213,5.351762765,5.27221746,6.7190898820000005,6.292000000000001,1.3769999999999998,1.733,1.742,1.742,1.8519999999999999,3.878,1.129,0.7979999999999999,0.7495,1.0290000000000001,1.284,1.455,1.319,1.153,1.153,1.319,1.5090000000000001,1.5090000000000001,1.207,1.6480000000000001,1.6480000000000001
5.255343437,1.462,1.462,1.504,1.899,3.4960000000000004,3.4960000000000004,3.5180000000000002,4.508,4.584,4.16,4.54,3.964,3.964,2.374,1.925,2.052,2.792,1.9580000000000002,2.0980000000000003,2.202,2.036,2.036,1.839,1.615,1.521,0.315,0.551,0.0,0.538990528,0.5425,0.569043056,0.871,0.6629999999999999,0.229375,0.31325,0.31325,0.4775,0.7959999999999999,0.78,1.165,1.165,1.011,0.875,0.845,0.609,0.7485,0.9635,1.383,2.54,4.68,4.688,4.584,4.728,5.296280523,5.104873528,5.192693403,4.847889028,4.018,3.63,3.7239999999999998,3.4360000000000004,3.594,3.6180000000000003,3.326,3.168,3.326,3.5460000000000003,2.7960000000000003,2.662,2.682,1.9769999999999999,2.4619999999999997,2.332,0.889,0.9405,3.134,4.124,4.592,4.592,4.592,4.192,3.92,5.484,2.748,2.134,2.3480000000000003,1.3869999999999998,1.3619999999999999,1.271,1.3869999999999998,1.43,1.033,7.152127449,6.075875,5.004215845,5.429810302000001,5.443708707000001,5.280898154,5.6001874460000005,5.51126564,6.936550711000001,5.9479999999999995,1.033,1.3880000000000001,1.401,1.401,1.301,3.326,0.784,0.45325,0.633,0.9129999999999999,1.168,1.268,1.033,0.966,0.966,1.033,1.2229999999999999,1.2229999999999999,1.091,1.307,1.307
5.481352806,1.909,1.909,1.9509999999999998,2.346,3.944,3.944,3.966,4.952,4.948,4.6080000000000005,4.988,4.412,4.412,2.82,2.372,2.498,3.238,2.404,2.544,2.65,2.4819999999999998,2.4819999999999998,2.286,2.062,1.9680000000000002,0.762,0.998,0.538990528,0.0,0.126070561,0.4005,0.8035,0.5955,0.485,0.569,0.569,0.9303855320000001,1.052,1.227,1.42,1.42,1.2670000000000001,1.13,1.101,0.7020000000000001,1.004,1.219,1.83,2.988,5.127999999999999,5.052,4.948,4.66,5.263999999999999,4.808,4.808,4.808,3.952,3.5639999999999996,3.656,3.3680000000000003,3.528,3.55,3.26,3.1,3.26,3.48,2.73,2.594,2.614,1.909,2.396,2.2640000000000002,0.982,1.196,3.39,4.38,4.843999999999999,4.843999999999999,4.843999999999999,4.448,4.176,5.74,3.0039999999999996,2.39,2.602,1.643,1.617,1.7,1.643,1.835,1.288,6.623377646000001,5.547457267,4.303999999999999,4.91383168,4.929106516,5.8839999999999995,5.095565401,4.998397948,6.408890899,6.204,1.288,1.6440000000000001,1.6569999999999998,1.6569999999999998,1.234,3.26,1.04,0.935026115,0.998,1.36,1.5,1.524,1.288,1.222,1.222,1.288,1.479,1.479,1.406,1.5630000000000002,1.5630000000000002
5.44748497,2.005,2.005,2.0469999999999997,2.4419999999999997,4.04,4.04,4.062,4.928,4.852,4.704,5.084,4.508,4.508,2.9160000000000004,2.468,2.594,3.3339999999999996,2.5,2.64,2.7460000000000004,2.5780000000000003,2.5780000000000003,2.3819999999999997,2.158,2.064,0.858,1.094,0.5425,0.126070561,0.0,0.3045,0.7075,0.4995,0.5685,0.6525,0.6525,0.987062965,1.135,1.3130000000000002,1.368,1.368,1.207,1.071,1.041,0.606,0.948,1.3030000000000002,1.926,3.0839999999999996,5.1,4.956,4.852,4.564,5.167999999999999,4.712,4.712,4.712,3.8560000000000003,3.468,3.56,3.272,3.432,3.4539999999999997,3.1639999999999997,3.0039999999999996,3.1639999999999997,3.384,2.634,2.498,2.5180000000000002,1.8130000000000002,2.3,2.168,0.8859999999999999,1.13,3.32,4.312,4.776,4.776,4.776,4.38,4.104,5.667999999999999,2.9360000000000004,2.32,2.5340000000000003,1.726,1.7009999999999998,1.784,1.7269999999999999,1.9180000000000001,1.222,6.567364219,5.492174513999999,4.208,4.87046836,4.8868232,5.787999999999999,5.060380695,4.957404044,6.35414164,6.136,1.222,1.577,1.598,1.598,1.138,3.1639999999999997,0.9840000000000001,0.9824967440000001,1.082,1.456,1.584,1.607,1.3719999999999999,1.305,1.305,1.3719999999999999,1.5630000000000002,1.5630000000000002,1.49,1.5190000000000001,1.5190000000000001
5.266279697,1.93,1.93,1.972,2.366,3.964,3.964,3.986,4.624,4.548,4.628,4.812,4.4319999999999995,4.4319999999999995,2.842,2.392,2.52,3.258,2.426,2.5639999999999996,2.67,2.504,2.504,2.306,2.082,1.989,0.7829999999999999,1.0190000000000001,0.569043056,0.4005,0.3045,0.0,0.40299999999999997,0.195125,0.4415,0.5255,0.5255,0.8556499359999999,1.0085,1.186,1.089,1.089,0.9285,0.7925,0.7625,0.47875,0.821,1.175,1.851,3.008,4.796,4.652,4.548,4.26,4.842073078,4.408,4.408,4.408,3.552,3.162,3.2560000000000002,2.968,3.1260000000000003,3.15,2.858,2.7,2.858,3.08,2.33,2.194,2.214,1.5090000000000001,1.995,1.864,0.6075,0.851,3.042,4.034,4.496,4.496,4.496,4.1,3.8280000000000003,5.392,2.656,2.041,2.254,1.599,1.574,1.6569999999999998,1.599,1.791,0.943,6.726779014,5.653083418,3.904,5.045712147,5.063202115,4.942644368,5.2437529210000005,5.1350839530000005,6.515274122,5.856,0.943,1.298,1.319,1.319,0.8335,2.858,0.8565,0.837161719,0.9545,1.381,1.4569999999999999,1.48,1.245,1.178,1.178,1.245,1.436,1.436,1.3630000000000002,1.391,1.391
5.274922848,2.332,2.332,2.374,2.77,4.368,4.368,4.388,4.22,4.144,4.9239999999999995,4.408,4.836,4.836,3.2439999999999998,2.7960000000000003,2.9219999999999997,3.662,2.8280000000000003,2.968,3.074,2.906,2.906,2.71,2.4859999999999998,2.392,1.186,1.422,0.871,0.8035,0.7075,0.40299999999999997,0.0,0.34575,0.8445,0.9285,0.9285,1.093,1.411,1.589,1.296,1.296,1.136,0.9995,0.97,0.8575,1.062,1.492,2.254,3.412,4.396,4.248,4.144,3.858,4.4639999999999995,4.006,4.006,4.006,3.148,2.76,2.8539999999999996,2.5660000000000003,2.7239999999999998,2.7460000000000004,2.456,2.760037886,2.456,2.676,2.4065231,2.232641152,2.287559037,1.431759605,1.5919999999999999,1.4609999999999999,0.30775,0.8735,3.0639999999999996,4.056,4.52,4.52,4.52,4.124,3.85,5.412000000000001,2.68,2.064,2.278,2.002,1.9769999999999999,2.06,2.002,2.194,0.9655,6.457200954,5.388788991,4.357824356,4.8175145,4.83799974,5.08,5.038071841,4.91321479,6.24971661,5.88,0.9655,1.321,1.3419999999999999,1.3419999999999999,0.57179509,2.456,1.0979999999999999,1.069,1.358,1.784,1.86,1.883,1.6480000000000001,1.581,1.581,1.6480000000000001,1.839,1.839,1.766,1.632,1.632
5.213398933,2.124,2.124,2.166,2.562,4.16,4.16,4.18,4.564,4.488,4.824,4.756,4.628,4.628,3.036,2.588,2.714,3.4539999999999997,2.62,2.76,2.866,2.698,2.698,2.502,2.278,2.184,0.978,1.214,0.6629999999999999,0.5955,0.4995,0.195125,0.34575,0.0,0.6365,0.7205,0.7205,0.8845,1.203,1.381,1.284,1.284,1.124,0.9875,0.958,0.674,1.016,1.37,2.046,3.2039999999999997,4.74,4.592,4.488,4.204,4.808,4.352,4.352,4.352,3.4939999999999998,3.1060000000000003,3.198,2.912,3.07,3.092,2.802,2.642,2.802,3.022,2.272,2.136,2.156,1.4509999999999998,1.9369999999999998,1.806,0.6535,1.046,3.236,4.228,4.692,4.692,4.692,4.296,4.022,5.584,2.852,2.2359999999999998,2.45,1.794,1.7690000000000001,1.8519999999999999,1.794,1.986,1.138,6.653702028,5.582665411,3.846,4.994932315,5.014045882,4.91265696,5.205094076,5.087759341,6.444432618,6.0520000000000005,1.138,1.494,1.514,1.514,0.7759999999999999,2.802,1.052,0.8605,1.15,1.5759999999999998,1.652,1.675,1.44,1.3730000000000002,1.3730000000000002,1.44,1.631,1.631,1.558,1.587,1.587
5.120138645,1.6369999999999998,1.6369999999999998,1.679,2.074,3.6719999999999997,3.6719999999999997,3.694,4.68,4.756,4.336,4.716,4.14,4.14,2.548,2.1,2.226,2.966,2.1319999999999997,2.272,2.378,2.21,2.21,2.0140000000000002,1.79,1.696,0.48975,0.726,0.229375,0.485,0.5685,0.4415,0.8445,0.6365,0.0,0.0838125,0.121503855,0.400637277,0.5670000000000001,0.7445,0.935,0.935,0.7815,0.6455,0.616,0.583,0.519,0.7340000000000001,1.558,2.716,4.856,4.86,4.756,4.704,5.281530114,5.107216033,5.192710292,4.8430767889999995,3.992,3.6039999999999996,3.698,3.41,3.568,3.592,3.3,3.142,3.3,3.52,2.77,2.636,2.656,1.95,2.436,2.306,0.863,0.711,2.904,3.8960000000000004,4.36,4.36,4.36,3.964,3.69,5.252000000000001,2.52,1.9040000000000001,2.1180000000000003,1.158,1.1320000000000001,1.215,1.158,1.35,0.8029999999999999,7.154442098,6.079086573,5.0166047780000005,5.452133464,5.467758562,5.323982293,5.635516012,5.537417372999999,6.940965987999999,5.72,0.8029999999999999,1.159,1.172,1.172,1.275,3.3,0.555,0.396304228,0.513,1.046,1.015,1.0390000000000001,0.8035,0.7365,0.7365,0.8035,0.9940000000000001,0.9940000000000001,0.9209999999999999,1.078,1.078
